  t (Gyr) =   0.0005
 M/Ms  Teff     L/Ls   g    R/Rs   Li/Li0    Mj     Mh     Mk
 0.010  2387.   -2.47  3.37  0.342    1.000   8.78   8.24   7.83  
 0.015  2514.   -2.21  3.37  0.417    1.000   8.14   7.62   7.24  
 0.020  2594.   -2.05  3.39  0.470    1.000   7.75   7.23   6.87  
 0.030  2668.   -1.79  3.35  0.604    1.000   7.10   6.57   6.24  
 0.040  2733.   -1.66  3.39  0.667    1.000   6.79   6.26   5.94  
 0.050  2762.   -1.48  3.33  0.797    1.000   6.36   5.82   5.52  
 0.060  2808.   -1.40  3.36  0.848    1.000   6.17   5.62   5.33  
 0.070  2835.   -1.33  3.37  0.907    1.000   5.99   5.44   5.15  
 0.072  2832.   -1.29  3.34  0.944    1.000   5.90   5.35   5.07  
 0.075  2836.   -1.27  3.34  0.974    1.000   5.83   5.28   5.00  
 0.080  2837.   -1.20  3.30  1.048    1.000   5.67   5.11   4.83  
 0.090  2864.   -1.13  3.30  1.110    1.000   5.51   4.95   4.68  
 0.100  2925.   -1.15  3.40  1.041    1.000   5.58   5.01   4.75  
 0.200  3220.   -0.54  3.26  1.741    1.000   4.18   3.42   3.23  
 0.300  3460.   -0.20  3.22  2.220    1.000   3.46   2.60   2.41  
 0.400  3670.   -0.05  3.30  2.356    1.000   3.18   2.30   2.12  
 0.500  3848.    0.07  3.35  2.464    1.000   2.93   2.08   1.91  
 0.600  3987.    0.16  3.40  2.544    1.000   2.75   1.94   1.77  
 0.700  4110.    0.26  3.43  2.678    1.000   2.53   1.77   1.61  
 0.800  4221.    0.35  3.44  2.827    1.000   2.33   1.61   1.46  
 0.900  4315.    0.43  3.45  2.967    1.000   2.15   1.46   1.32  
 1.000  4397.    0.50  3.45  3.103    1.000   1.99   1.33   1.20  
 1.100  4471.    0.57  3.46  3.235    1.000   1.85   1.22   1.09  
 1.200  4537.    0.63  3.46  3.370    1.000   1.72   1.10   0.98  
 1.300  4596.    0.68  3.46  3.496    1.000   1.60   1.00   0.88  
 1.400  4647.    0.74  3.46  3.630    1.000   1.48   0.91   0.79  



  t (Gyr) =   0.0010
 M/Ms  Teff     L/Ls   g    R/Rs   Li/Li0    Mj     Mh     Mk
 0.010  2345.   -2.70  3.57  0.273    1.000   9.33   8.78   8.36  
 0.015  2504.   -2.42  3.58  0.329    1.000   8.67   8.14   7.76  
 0.020  2598.   -2.25  3.59  0.375    1.000   8.24   7.72   7.35  
 0.030  2710.   -1.98  3.57  0.471    1.000   7.59   7.06   6.73  
 0.040  2779.   -1.81  3.57  0.541    1.000   7.19   6.66   6.34  
 0.050  2824.   -1.65  3.53  0.633    1.000   6.79   6.25   5.95  
 0.060  2864.   -1.53  3.52  0.708    1.000   6.50   5.95   5.67  
 0.070  2897.   -1.41  3.49  0.788    1.000   6.23   5.67   5.40  
 0.072  2896.   -1.39  3.48  0.809    1.000   6.17   5.61   5.34  
 0.075  2897.   -1.36  3.47  0.836    1.000   6.10   5.54   5.27  
 0.080  2898.   -1.31  3.45  0.884    1.000   5.97   5.41   5.14  
 0.090  2908.   -1.23  3.42  0.967    1.000   5.77   5.20   4.94  
 0.100  2936.   -1.17  3.43  1.010    1.000   5.64   5.06   4.80  
 0.200  3226.   -0.66  3.38  1.515    1.000   4.47   3.74   3.54  
 0.300  3428.   -0.48  3.48  1.649    1.000   4.11   3.32   3.12  
 0.400  3634.   -0.32  3.54  1.767    1.000   3.81   2.97   2.78  
 0.500  3802.   -0.18  3.59  1.885    1.000   3.54   2.70   2.52  
 0.600  3955.   -0.07  3.62  1.986    1.000   3.30   2.50   2.33  
 0.700  4078.    0.04  3.63  2.113    1.000   3.07   2.30   2.14  
 0.800  4192.    0.13  3.65  2.218    1.000   2.88   2.14   1.99  
 0.900  4290.    0.21  3.66  2.328    1.000   2.70   1.99   1.86  
 1.000  4377.    0.28  3.66  2.435    1.000   2.53   1.86   1.73  
 1.100  4456.    0.35  3.67  2.540    1.000   2.38   1.74   1.61  
 1.200  4529.    0.41  3.68  2.632    0.999   2.26   1.64   1.51  
 1.300  4596.    0.47  3.68  2.731    0.998   2.13   1.53   1.42  
 1.400  4658.    0.52  3.68  2.819    0.998   2.02   1.45   1.33  



  t (Gyr) =   0.0020
 M/Ms  Teff     L/Ls   g    R/Rs   Li/Li0    Mj     Mh     Mk
 0.010  2236.   -2.96  3.75  0.222    1.000  10.00   9.41   8.97  
 0.015  2452.   -2.65  3.77  0.264    1.000   9.23   8.69   8.30  
 0.020  2571.   -2.46  3.78  0.301    1.000   8.77   8.23   7.87  
 0.030  2707.   -2.14  3.73  0.390    1.000   8.01   7.48   7.14  
 0.040  2784.   -1.90  3.67  0.484    1.000   7.43   6.89   6.58  
 0.050  2829.   -1.72  3.61  0.579    1.000   6.98   6.44   6.14  
 0.060  2867.   -1.58  3.57  0.667    1.000   6.63   6.08   5.79  
 0.070  2902.   -1.45  3.53  0.749    1.000   6.33   5.78   5.50  
 0.072  2907.   -1.43  3.53  0.767    1.000   6.27   5.72   5.45  
 0.075  2914.   -1.40  3.52  0.792    1.000   6.20   5.64   5.37  
 0.080  2924.   -1.35  3.50  0.834    1.000   6.07   5.51   5.24  
 0.090  2934.   -1.26  3.47  0.911    1.000   5.86   5.29   5.03  
 0.100  2972.   -1.26  3.53  0.897    1.000   5.85   5.27   5.02  
 0.200  3202.   -0.96  3.67  1.086    1.000   5.21   4.55   4.33  
 0.300  3428.   -0.72  3.72  1.248    1.000   4.72   3.97   3.76  
 0.400  3606.   -0.55  3.76  1.374    1.000   4.37   3.58   3.38  
 0.500  3763.   -0.41  3.79  1.488    1.000   4.08   3.27   3.08  
 0.600  3906.   -0.29  3.82  1.575    1.000   3.84   3.04   2.87  
 0.700  4033.   -0.18  3.84  1.672    0.999   3.61   2.83   2.67  
 0.800  4153.   -0.09  3.85  1.762    0.996   3.40   2.65   2.50  
 0.900  4259.   -0.00  3.86  1.848    0.986   3.22   2.51   2.36  
 1.000  4350.    0.07  3.87  1.933    0.973   3.05   2.37   2.24  
 1.100  4432.    0.14  3.87  2.010    0.969   2.91   2.25   2.13  
 1.200  4508.    0.20  3.88  2.089    0.972   2.77   2.14   2.02  
 1.300  4581.    0.26  3.88  2.165    0.977   2.64   2.04   1.92  
 1.400  4653.    0.32  3.88  2.238    0.983   2.52   1.94   1.83  



  t (Gyr) =   0.0030
 M/Ms  Teff     L/Ls   g    R/Rs   Li/Li0    Mj     Mh     Mk
 0.010  2142.   -3.13  3.84  0.199    1.000  10.44   9.80   9.34  
 0.015  2406.   -2.79  3.88  0.234    1.000   9.57   9.02   8.62  
 0.020  2545.   -2.57  3.88  0.269    1.000   9.05   8.51   8.14  
 0.030  2706.   -2.17  3.76  0.376    1.000   8.09   7.55   7.22  
 0.040  2784.   -1.92  3.69  0.474    1.000   7.48   6.94   6.62  
 0.050  2831.   -1.74  3.64  0.563    1.000   7.04   6.50   6.20  
 0.060  2870.   -1.61  3.60  0.639    1.000   6.72   6.17   5.88  
 0.070  2906.   -1.51  3.59  0.701    1.000   6.47   5.92   5.64  
 0.072  2911.   -1.49  3.59  0.715    1.000   6.42   5.86   5.59  
 0.075  2919.   -1.46  3.58  0.732    1.000   6.36   5.80   5.53  
 0.080  2931.   -1.42  3.57  0.764    1.000   6.25   5.69   5.42  
 0.090  2956.   -1.36  3.59  0.800    1.000   6.12   5.55   5.29  
 0.100  2998.   -1.44  3.73  0.716    1.000   6.32   5.74   5.48  
 0.200  3196.   -1.10  3.81  0.924    1.000   5.57   4.93   4.70  
 0.300  3404.   -0.86  3.85  1.075    1.000   5.06   4.35   4.13  
 0.400  3582.   -0.68  3.88  1.196    1.000   4.69   3.92   3.72  
 0.500  3731.   -0.54  3.91  1.302    1.000   4.39   3.60   3.41  
 0.600  3868.   -0.42  3.93  1.385    0.996   4.15   3.35   3.18  
 0.700  3998.   -0.31  3.95  1.470    0.978   3.92   3.13   2.97  
 0.800  4120.   -0.21  3.96  1.547    0.918   3.70   2.95   2.80  
 0.900  4232.   -0.13  3.97  1.617    0.873   3.53   2.80   2.66  
 1.000  4330.   -0.05  3.98  1.687    0.875   3.36   2.67   2.54  
 1.100  4421.    0.02  3.99  1.761    0.899   3.20   2.54   2.41  
 1.200  4505.    0.09  3.99  1.831    0.925   3.06   2.43   2.30  
 1.300  4588.    0.15  3.99  1.902    0.947   2.92   2.32   2.20  
 1.400  4671.    0.22  3.99  1.982    0.965   2.77   2.20   2.08  



  t (Gyr) =   0.0040
 M/Ms  Teff     L/Ls   g    R/Rs   Li/Li0    Mj     Mh     Mk
 0.010  2053.   -3.27  3.90  0.186    1.000  10.85  10.13   9.63  
 0.015  2362.   -2.89  3.94  0.216    1.000   9.80   9.24   8.84  
 0.020  2535.   -2.61  3.91  0.259    1.000   9.15   8.60   8.23  
 0.030  2705.   -2.19  3.78  0.370    1.000   8.12   7.59   7.25  
 0.040  2785.   -1.95  3.71  0.461    1.000   7.54   7.00   6.68  
 0.050  2834.   -1.78  3.67  0.538    1.000   7.14   6.59   6.29  
 0.060  2875.   -1.68  3.68  0.587    1.000   6.90   6.35   6.06  
 0.070  2914.   -1.64  3.73  0.600    1.000   6.80   6.25   5.97  
 0.072  2921.   -1.63  3.73  0.606    1.000   6.77   6.21   5.94  
 0.075  2931.   -1.61  3.74  0.611    1.000   6.75   6.18   5.91  
 0.080  2946.   -1.58  3.74  0.630    1.000   6.66   6.09   5.82  
 0.090  2976.   -1.53  3.76  0.652    1.000   6.55   5.97   5.71  
 0.100  3013.   -1.55  3.85  0.619    1.000   6.62   6.04   5.78  
 0.200  3206.   -1.19  3.90  0.829    1.000   5.80   5.17   4.93  
 0.300  3389.   -0.95  3.93  0.977    1.000   5.28   4.59   4.37  
 0.400  3560.   -0.78  3.97  1.086    1.000   4.91   4.17   3.96  
 0.500  3704.   -0.63  3.99  1.183    0.995   4.61   3.84   3.65  
 0.600  3842.   -0.51  4.01  1.268    0.966   4.35   3.57   3.39  
 0.700  3976.   -0.40  4.03  1.344    0.836   4.13   3.35   3.18  
 0.800  4096.   -0.30  4.04  1.412    0.712   3.92   3.16   3.01  
 0.900  4212.   -0.22  4.05  1.476    0.718   3.74   3.01   2.87  
 1.000  4315.   -0.14  4.06  1.539    0.761   3.57   2.88   2.74  
 1.100  4417.   -0.06  4.06  1.613    0.826   3.39   2.74   2.61  
 1.200  4513.    0.02  4.06  1.682    0.879   3.23   2.61   2.48  
 1.300  4609.    0.09  4.06  1.754    0.922   3.08   2.48   2.37  
 1.400  4710.    0.16  4.06  1.830    0.952   2.92   2.36   2.25  



  t (Gyr) =   0.0050
 M/Ms  Teff     L/Ls   g    R/Rs   Li/Li0    Mj     Mh     Mk
 0.010  1961.   -3.39  3.94  0.177    1.000  11.25  10.43   9.87  
 0.015  2330.   -2.96  3.99  0.206    1.000   9.97   9.40   8.99  
 0.020  2531.   -2.62  3.92  0.256    1.000   9.18   8.63   8.26  
 0.030  2705.   -2.20  3.79  0.364    1.000   8.16   7.62   7.29  
 0.040  2785.   -1.98  3.75  0.443    1.000   7.62   7.08   6.77  
 0.050  2841.   -1.85  3.75  0.493    1.000   7.32   6.78   6.48  
 0.060  2890.   -1.81  3.82  0.500    1.000   7.23   6.68   6.39  
 0.070  2928.   -1.76  3.86  0.515    1.000   7.12   6.56   6.29  
 0.072  2934.   -1.75  3.86  0.522    1.000   7.08   6.52   6.25  
 0.075  2944.   -1.73  3.87  0.529    1.000   7.04   6.48   6.21  
 0.080  2959.   -1.69  3.87  0.546    1.000   6.96   6.39   6.12  
 0.090  2992.   -1.64  3.88  0.570    1.000   6.82   6.25   5.99  
 0.100  3027.   -1.63  3.94  0.559    1.000   6.83   6.26   5.99  
 0.200  3220.   -1.26  3.97  0.764    1.000   5.97   5.34   5.10  
 0.300  3379.   -1.02  4.00  0.906    1.000   5.45   4.78   4.55  
 0.400  3546.   -0.84  4.03  1.014    0.998   5.07   4.35   4.13  
 0.500  3696.   -0.70  4.05  1.103    0.975   4.77   4.01   3.81  
 0.600  3830.   -0.57  4.07  1.182    0.834   4.51   3.74   3.56  
 0.700  3960.   -0.47  4.09  1.253    0.547   4.29   3.52   3.35  
 0.800  4081.   -0.37  4.10  1.317    0.517   4.08   3.33   3.17  
 0.900  4198.   -0.28  4.11  1.376    0.567   3.90   3.17   3.02  
 1.000  4310.   -0.20  4.12  1.441    0.658   3.72   3.02   2.89  
 1.100  4422.   -0.12  4.12  1.505    0.755   3.54   2.88   2.75  
 1.200  4531.   -0.03  4.12  1.581    0.842   3.36   2.74   2.61  
 1.300  4644.    0.05  4.11  1.656    0.904   3.18   2.60   2.48  
 1.400  4771.    0.14  4.11  1.733    0.944   3.00   2.46   2.35  



  t (Gyr) =   0.0080
 M/Ms  Teff     L/Ls   g    R/Rs   Li/Li0    Mj     Mh     Mk
 0.010  1714.   -3.70  4.02  0.162    1.000  12.62  11.27  10.45  
 0.015  2280.   -3.05  4.04  0.194    1.000  10.20   9.61   9.20  
 0.020  2525.   -2.65  3.94  0.250    1.000   9.24   8.69   8.32  
 0.030  2699.   -2.29  3.87  0.331    1.000   8.38   7.84   7.50  
 0.040  2784.   -2.22  3.99  0.336    1.000   8.24   7.69   7.37  
 0.050  2849.   -2.13  4.03  0.356    1.000   8.02   7.48   7.17  
 0.060  2903.   -2.05  4.06  0.377    1.000   7.83   7.28   6.99  
 0.070  2948.   -1.97  4.08  0.399    1.000   7.66   7.10   6.82  
 0.072  2956.   -1.96  4.08  0.404    1.000   7.62   7.06   6.78  
 0.075  2968.   -1.93  4.08  0.414    1.000   7.56   6.99   6.71  
 0.080  2986.   -1.89  4.08  0.427    1.000   7.46   6.90   6.62  
 0.090  3017.   -1.83  4.09  0.449    1.000   7.32   6.75   6.48  
 0.100  3045.   -1.80  4.12  0.457    1.000   7.26   6.68   6.42  
 0.200  3234.   -1.40  4.12  0.642    1.000   6.34   5.71   5.47  
 0.300  3364.   -1.17  4.14  0.771    0.996   5.82   5.17   4.93  
 0.400  3518.   -0.99  4.16  0.871    0.926   5.43   4.73   4.51  
 0.500  3669.   -0.84  4.18  0.952    0.449   5.11   4.38   4.17  
 0.600  3798.   -0.72  4.20  1.018    0.087   4.86   4.12   3.92  
 0.700  3923.   -0.61  4.22  1.079    0.104   4.64   3.89   3.71  
 0.800  4049.   -0.51  4.23  1.141    0.173   4.42   3.67   3.51  
 0.900  4184.   -0.41  4.23  1.201    0.282   4.20   3.48   3.33  
 1.000  4327.   -0.30  4.23  1.266    0.448   3.98   3.30   3.16  
 1.100  4481.   -0.20  4.23  1.332    0.630   3.76   3.13   3.00  
 1.200  4647.   -0.09  4.22  1.409    0.785   3.53   2.94   2.83  
 1.300  4837.    0.04  4.20  1.500    0.882   3.27   2.75   2.64  
 1.400  5064.    0.18  4.17  1.615    0.938   2.98   2.52   2.42  



  t (Gyr) =   0.0100
 M/Ms  Teff     L/Ls   g    R/Rs   Li/Li0    Mj     Mh     Mk
 0.010  1570.   -3.87  4.04  0.158    1.000  13.35  11.99  10.96  
 0.015  2261.   -3.08  4.05  0.191    1.000  10.27   9.67   9.26  
 0.020  2519.   -2.67  3.96  0.246    1.000   9.28   8.73   8.36  
 0.030  2682.   -2.43  4.01  0.285    1.000   8.73   8.19   7.85  
 0.040  2768.   -2.35  4.10  0.294    1.000   8.54   7.99   7.67  
 0.050  2843.   -2.23  4.13  0.317    1.000   8.28   7.73   7.43  
 0.060  2900.   -2.15  4.16  0.338    1.000   8.08   7.53   7.23  
 0.070  2946.   -2.06  4.17  0.361    1.000   7.88   7.32   7.04  
 0.072  2954.   -2.04  4.17  0.366    1.000   7.84   7.28   7.00  
 0.075  2967.   -2.02  4.17  0.372    1.000   7.79   7.23   6.95  
 0.080  2987.   -1.98  4.17  0.386    1.000   7.69   7.12   6.84  
 0.090  3021.   -1.91  4.17  0.408    1.000   7.53   6.96   6.69  
 0.100  3050.   -1.87  4.19  0.419    1.000   7.44   6.87   6.60  
 0.200  3240.   -1.47  4.19  0.592    1.000   6.51   5.89   5.64  
 0.300  3363.   -1.23  4.20  0.719    0.979   5.97   5.33   5.09  
 0.400  3508.   -1.05  4.22  0.811    0.663   5.59   4.90   4.68  
 0.500  3651.   -0.91  4.24  0.887    0.024   5.28   4.56   4.35  
 0.600  3781.   -0.79  4.26  0.950    0.020   5.03   4.29   4.10  
 0.700  3908.   -0.67  4.27  1.013    0.036   4.79   4.04   3.86  
 0.800  4041.   -0.57  4.28  1.073    0.086   4.56   3.82   3.65  
 0.900  4191.   -0.46  4.29  1.129    0.191   4.33   3.61   3.46  
 1.000  4363.   -0.34  4.28  1.198    0.383   4.08   3.40   3.27  
 1.100  4553.   -0.21  4.27  1.269    0.597   3.82   3.20   3.08  
 1.200  4768.   -0.07  4.25  1.358    0.774   3.53   2.98   2.88  
 1.300  5038.    0.09  4.22  1.470    0.880   3.20   2.73   2.63  
 1.400  5363.    0.29  4.16  1.637    0.938   2.80   2.40   2.32  



  t (Gyr) =   0.0150
 M/Ms  Teff     L/Ls   g    R/Rs   Li/Li0    Mj     Mh     Mk
 0.015  2237.   -3.11  4.07  0.187    1.000  10.37   9.76   9.34  
 0.020  2495.   -2.74  4.01  0.231    1.000   9.46   8.91   8.53  
 0.030  2614.   -2.69  4.22  0.224    1.000   9.34   8.80   8.45  
 0.040  2721.   -2.55  4.27  0.242    1.000   9.02   8.46   8.14  
 0.050  2827.   -2.41  4.30  0.263    1.000   8.71   8.16   7.85  
 0.060  2892.   -2.30  4.31  0.284    1.000   8.47   7.91   7.62  
 0.070  2943.   -2.21  4.31  0.305    1.000   8.26   7.70   7.41  
 0.072  2952.   -2.19  4.31  0.309    1.000   8.22   7.66   7.37  
 0.075  2965.   -2.17  4.32  0.315    1.000   8.16   7.60   7.32  
 0.080  2986.   -2.13  4.31  0.326    1.000   8.06   7.49   7.21  
 0.090  3023.   -2.06  4.32  0.344    1.000   7.90   7.33   7.06  
 0.100  3056.   -2.01  4.33  0.358    1.000   7.79   7.21   6.94  
 0.200  3252.   -1.59  4.32  0.512    0.985   6.82   6.20   5.95  
 0.300  3374.   -1.34  4.32  0.628    0.594   6.26   5.62   5.38  
 0.400  3498.   -1.17  4.33  0.712    0.000   5.88   5.21   4.98  
 0.500  3621.   -1.03  4.35  0.780    0.000   5.58   4.89   4.67  
 0.600  3748.   -0.91  4.37  0.841    0.001   5.31   4.60   4.40  
 0.700  3891.   -0.78  4.37  0.902    0.003   5.05   4.32   4.14  
 0.800  4054.   -0.65  4.37  0.962    0.021   4.78   4.05   3.89  
 0.900  4263.   -0.51  4.37  1.028    0.111   4.48   3.78   3.64  
 1.000  4530.   -0.35  4.35  1.100    0.318   4.14   3.52   3.40  
 1.100  4850.   -0.15  4.32  1.198    0.576   3.75   3.23   3.12  
 1.200  5264.    0.09  4.26  1.342    0.770   3.28   2.86   2.77  
 1.300  5754.    0.40  4.14  1.606    0.880   2.66   2.34   2.27  
 1.400  6422.    0.70  4.06  1.818    0.938   2.14   1.92   1.86  



  t (Gyr) =   0.0200
 M/Ms  Teff     L/Ls   g    R/Rs   Li/Li0    Mj     Mh     Mk
 0.015  2209.   -3.15  4.09  0.182    1.000  10.49   9.87   9.44  
 0.020  2411.   -2.92  4.14  0.200    1.000   9.89   9.34   8.96  
 0.030  2555.   -2.84  4.33  0.196    1.000   9.71   9.16   8.81  
 0.040  2681.   -2.68  4.38  0.215    1.000   9.32   8.76   8.43  
 0.050  2811.   -2.52  4.40  0.235    1.000   8.98   8.43   8.12  
 0.060  2883.   -2.41  4.41  0.253    1.000   8.73   8.17   7.87  
 0.070  2940.   -2.31  4.41  0.273    1.000   8.51   7.94   7.65  
 0.072  2950.   -2.29  4.41  0.277    1.000   8.46   7.90   7.61  
 0.075  2964.   -2.27  4.41  0.282    1.000   8.41   7.85   7.56  
 0.080  2986.   -2.22  4.41  0.292    1.000   8.30   7.74   7.46  
 0.090  3025.   -2.15  4.41  0.308    1.000   8.15   7.58   7.30  
 0.100  3059.   -2.10  4.42  0.322    1.000   8.02   7.44   7.17  
 0.200  3263.   -1.67  4.41  0.464    0.852   7.02   6.41   6.16  
 0.300  3392.   -1.42  4.40  0.569    0.006   6.45   5.82   5.58  
 0.400  3500.   -1.25  4.42  0.648    0.000   6.08   5.43   5.20  
 0.500  3609.   -1.11  4.43  0.716    0.000   5.78   5.10   4.88  
 0.600  3733.   -0.98  4.43  0.777    0.000   5.50   4.80   4.59  
 0.700  3894.   -0.85  4.44  0.836    0.000   5.21   4.49   4.31  
 0.800  4102.   -0.69  4.43  0.902    0.009   4.88   4.16   4.00  
 0.900  4406.   -0.50  4.42  0.973    0.089   4.49   3.83   3.70  
 1.000  4793.   -0.28  4.38  1.066    0.308   4.04   3.50   3.39  
 1.100  5302.    0.01  4.32  1.208    0.575   3.49   3.08   2.99  
 1.200  5911.    0.35  4.20  1.442    0.770   2.83   2.54   2.47  
 1.300  6330.    0.41  4.29  1.351    0.880   2.81   2.59   2.52  
 1.400  6475.    0.50  4.28  1.426    0.938   2.65   2.44   2.38  



  t (Gyr) =   0.0250
 M/Ms  Teff     L/Ls   g    R/Rs   Li/Li0    Mj     Mh     Mk
 0.015  2181.   -3.20  4.11  0.178    1.000  10.60   9.96   9.52  
 0.020  2306.   -3.12  4.26  0.173    1.000  10.35   9.79   9.40  
 0.030  2500.   -2.95  4.41  0.179    1.000  10.00   9.43   9.08  
 0.040  2655.   -2.76  4.45  0.198    1.000   9.53   8.98   8.65  
 0.050  2792.   -2.60  4.47  0.216    1.000   9.17   8.63   8.31  
 0.060  2874.   -2.48  4.48  0.233    1.000   8.92   8.37   8.06  
 0.070  2935.   -2.38  4.48  0.251    1.000   8.69   8.13   7.84  
 0.072  2946.   -2.36  4.48  0.255    1.000   8.65   8.09   7.80  
 0.075  2961.   -2.34  4.49  0.259    1.000   8.60   8.03   7.74  
 0.080  2985.   -2.30  4.48  0.268    1.000   8.49   7.93   7.64  
 0.090  3026.   -2.22  4.48  0.285    0.999   8.32   7.75   7.47  
 0.100  3061.   -2.16  4.49  0.297    0.998   8.19   7.61   7.34  
 0.200  3276.   -1.73  4.48  0.428    0.346   7.18   6.58   6.33  
 0.300  3410.   -1.48  4.47  0.525    0.000   6.61   5.98   5.74  
 0.400  3507.   -1.31  4.48  0.603    0.000   6.23   5.59   5.35  
 0.500  3604.   -1.18  4.49  0.668    0.000   5.93   5.27   5.04  
 0.600  3731.   -1.04  4.49  0.731    0.000   5.63   4.94   4.73  
 0.700  3916.   -0.88  4.48  0.795    0.000   5.30   4.59   4.40  
 0.800  4186.   -0.69  4.47  0.865    0.006   4.91   4.20   4.05  
 0.900  4601.   -0.45  4.44  0.946    0.084   4.42   3.82   3.70  
 1.000  5147.   -0.15  4.38  1.064    0.307   3.84   3.40   3.30  
 1.100  5796.    0.18  4.30  1.230    0.575   3.22   2.91   2.84  
 1.200  6102.    0.22  4.38  1.165    0.770   3.22   2.95   2.89  
 1.300  6271.    0.35  4.33  1.286    0.880   2.94   2.70   2.64  
 1.400  6622.    0.55  4.27  1.443    0.938   2.57   2.38   2.33  



  t (Gyr) =   0.0300
 M/Ms  Teff     L/Ls   g    R/Rs   Li/Li0    Mj     Mh     Mk
 0.015  2139.   -3.26  4.14  0.173    1.000  10.75  10.09   9.65  
 0.020  2184.   -3.29  4.33  0.160    1.000  10.84  10.19   9.76  
 0.030  2448.   -3.05  4.46  0.168    1.000  10.19   9.64   9.28  
 0.040  2632.   -2.83  4.50  0.186    1.000   9.69   9.14   8.81  
 0.050  2755.   -2.68  4.53  0.202    1.000   9.36   8.80   8.49  
 0.060  2860.   -2.55  4.53  0.219    1.000   9.07   8.52   8.21  
 0.070  2925.   -2.45  4.54  0.235    1.000   8.85   8.29   8.00  
 0.072  2936.   -2.43  4.54  0.238    1.000   8.81   8.25   7.96  
 0.075  2952.   -2.40  4.54  0.243    1.000   8.74   8.18   7.89  
 0.080  2977.   -2.36  4.54  0.251    0.999   8.65   8.08   7.80  
 0.090  3020.   -2.28  4.54  0.266    0.997   8.47   7.90   7.62  
 0.100  3056.   -2.22  4.55  0.279    0.990   8.33   7.76   7.48  
 0.200  3279.   -1.78  4.53  0.401    0.008   7.32   6.72   6.47  
 0.300  3413.   -1.54  4.53  0.492    0.000   6.75   6.13   5.89  
 0.400  3508.   -1.36  4.53  0.568    0.000   6.36   5.72   5.49  
 0.500  3602.   -1.23  4.54  0.632    0.000   6.05   5.40   5.17  
 0.600  3739.   -1.08  4.53  0.697    0.000   5.73   5.04   4.83  
 0.700  3960.   -0.90  4.52  0.764    0.000   5.35   4.64   4.46  
 0.800  4320.   -0.66  4.49  0.840    0.005   4.87   4.19   4.05  
 0.900  4848.   -0.37  4.45  0.933    0.083   4.30   3.77   3.67  
 1.000  5520.   -0.03  4.39  1.061    0.307   3.66   3.30   3.22  
 1.100  5897.    0.07  4.43  1.053    0.575   3.51   3.22   3.15  
 1.200  6052.    0.19  4.40  1.142    0.770   3.28   3.01   2.94  
 1.300  6335.    0.38  4.33  1.297    0.880   2.90   2.67   2.61  
 1.400  6743.    0.56  4.28  1.411    0.938   2.58   2.41   2.35  



  t (Gyr) =   0.0400
 M/Ms  Teff     L/Ls   g    R/Rs   Li/Li0    Mj     Mh     Mk
 0.015  1996.   -3.45  4.21  0.159    1.000  11.27  10.53  10.03  
 0.020  2005.   -3.52  4.41  0.146    1.000  11.41  10.68  10.21  
 0.030  2366.   -3.18  4.54  0.154    1.000  10.53   9.94   9.58  
 0.040  2581.   -2.95  4.59  0.168    1.000   9.99   9.44   9.10  
 0.050  2699.   -2.80  4.61  0.184    1.000   9.62   9.06   8.74  
 0.060  2830.   -2.65  4.62  0.198    1.000   9.33   8.77   8.47  
 0.070  2904.   -2.55  4.63  0.213    0.999   9.09   8.53   8.23  
 0.072  2916.   -2.53  4.63  0.216    0.998   9.05   8.48   8.19  
 0.075  2933.   -2.50  4.63  0.219    0.996   8.99   8.42   8.13  
 0.080  2961.   -2.45  4.63  0.227    0.993   8.88   8.31   8.03  
 0.090  3007.   -2.38  4.63  0.241    0.973   8.70   8.13   7.85  
 0.100  3046.   -2.31  4.63  0.252    0.906   8.56   7.99   7.71  
 0.200  3280.   -1.87  4.62  0.363    0.000   7.54   6.94   6.69  
 0.300  3410.   -1.62  4.61  0.447    0.000   6.97   6.35   6.10  
 0.400  3509.   -1.44  4.61  0.518    0.000   6.56   5.93   5.69  
 0.500  3606.   -1.29  4.60  0.585    0.000   6.22   5.57   5.34  
 0.600  3771.   -1.12  4.59  0.653    0.000   5.85   5.17   4.96  
 0.700  4084.   -0.88  4.56  0.729    0.000   5.35   4.64   4.48  
 0.800  4645.   -0.57  4.52  0.812    0.005   4.72   4.14   4.02  
 0.900  5301.   -0.25  4.48  0.899    0.083   4.13   3.72   3.63  
 1.000  5570.   -0.15  4.52  0.907    0.307   3.98   3.62   3.55  
 1.100  5822.    0.02  4.47  1.014    0.575   3.63   3.32   3.25  
 1.200  6090.    0.21  4.39  1.154    0.770   3.24   2.98   2.91  
 1.300  6413.    0.40  4.33  1.298    0.880   2.87   2.65   2.59  
 1.400  6757.    0.56  4.29  1.400    0.938   2.59   2.42   2.37  



  t (Gyr) =   0.0500
 M/Ms  Teff     L/Ls   g    R/Rs   Li/Li0    Mj     Mh     Mk
 0.015  1760.   -3.74  4.28  0.147    1.000  12.55  11.36  10.61  
 0.020  1838.   -3.72  4.46  0.138    1.000  12.29  11.24  10.62  
 0.030  2304.   -3.28  4.59  0.145    1.000  10.71  10.15   9.79  
 0.040  2525.   -3.05  4.65  0.157    1.000  10.23   9.66   9.32  
 0.050  2671.   -2.88  4.67  0.172    1.000   9.82   9.25   8.93  
 0.060  2804.   -2.73  4.69  0.184    0.999   9.52   8.96   8.65  
 0.070  2882.   -2.63  4.69  0.197    0.992   9.28   8.72   8.42  
 0.072  2896.   -2.61  4.70  0.199    0.989   9.24   8.67   8.37  
 0.075  2916.   -2.57  4.69  0.204    0.982   9.17   8.60   8.31  
 0.080  2945.   -2.53  4.70  0.210    0.960   9.07   8.50   8.21  
 0.090  2996.   -2.45  4.69  0.223    0.862   8.88   8.31   8.03  
 0.100  3037.   -2.38  4.70  0.234    0.596   8.73   8.16   7.88  
 0.200  3280.   -1.94  4.69  0.335    0.000   7.72   7.11   6.86  
 0.300  3407.   -1.69  4.68  0.415    0.000   7.14   6.52   6.27  
 0.400  3512.   -1.50  4.67  0.483    0.000   6.71   6.08   5.85  
 0.500  3617.   -1.34  4.65  0.552    0.000   6.33   5.68   5.45  
 0.600  3821.   -1.13  4.62  0.626    0.000   5.90   5.21   5.01  
 0.700  4270.   -0.83  4.58  0.708    0.000   5.28   4.59   4.45  
 0.800  4938.   -0.49  4.55  0.783    0.005   4.62   4.12   4.02  
 0.900  5236.   -0.36  4.58  0.808    0.083   4.39   3.97   3.88  
 1.000  5536.   -0.17  4.53  0.902    0.307   4.01   3.64   3.57  
 1.100  5833.    0.03  4.46  1.021    0.574   3.61   3.30   3.23  
 1.200  6133.    0.23  4.39  1.159    0.770   3.22   2.96   2.89  
 1.300  6435.    0.40  4.33  1.293    0.880   2.87   2.66   2.60  
 1.400  6759.    0.56  4.29  1.400    0.938   2.59   2.42   2.37  



  t (Gyr) =   0.0800
 M/Ms  Teff     L/Ls   g    R/Rs   Li/Li0    Mj     Mh     Mk
 0.030  2047.   -3.58  4.69  0.130    1.000  11.58  10.83  10.42  
 0.040  2387.   -3.26  4.75  0.139    1.000  10.70  10.12   9.78  
 0.050  2586.   -3.06  4.79  0.149    0.999  10.25   9.69   9.36  
 0.060  2709.   -2.92  4.81  0.159    0.985   9.95   9.37   9.06  
 0.070  2829.   -2.78  4.82  0.170    0.864   9.66   9.09   8.79  
 0.072  2845.   -2.76  4.82  0.172    0.801   9.62   9.04   8.74  
 0.075  2869.   -2.73  4.82  0.175    0.680   9.55   8.98   8.68  
 0.080  2905.   -2.69  4.83  0.181    0.407   9.44   8.87   8.58  
 0.090  2962.   -2.60  4.83  0.191    0.020   9.25   8.68   8.40  
 0.100  3010.   -2.54  4.84  0.200    0.000   9.10   8.52   8.25  
 0.200  3275.   -2.08  4.82  0.287    0.000   8.06   7.46   7.21  
 0.300  3406.   -1.82  4.81  0.357    0.000   7.46   6.85   6.61  
 0.400  3522.   -1.61  4.78  0.424    0.000   6.99   6.37   6.13  
 0.500  3668.   -1.40  4.74  0.500    0.000   6.50   5.85   5.63  
 0.600  4039.   -1.09  4.68  0.588    0.000   5.86   5.17   4.99  
 0.700  4497.   -0.83  4.67  0.641    0.000   5.33   4.71   4.58  
 0.800  4830.   -0.61  4.64  0.710    0.005   4.90   4.37   4.26  
 0.900  5212.   -0.37  4.58  0.805    0.082   4.41   3.98   3.89  
 1.000  5533.   -0.17  4.52  0.908    0.307   3.99   3.63   3.55  
 1.100  5876.    0.05  4.46  1.027    0.574   3.58   3.28   3.21  
 1.200  6164.    0.24  4.39  1.161    0.770   3.20   2.95   2.88  
 1.300  6451.    0.41  4.33  1.293    0.880   2.86   2.65   2.59  
 1.400  6766.    0.56  4.29  1.402    0.938   2.59   2.42   2.36  



  t (Gyr) =   0.1000
 M/Ms  Teff     L/Ls   g    R/Rs   Li/Li0    Mj     Mh     Mk
 0.030  1912.   -3.74  4.72  0.125    1.000  12.11  11.19  10.71  
 0.040  2311.   -3.36  4.80  0.131    1.000  10.94  10.35  10.01  
 0.050  2525.   -3.15  4.84  0.140    0.999  10.48   9.90   9.58  
 0.060  2670.   -3.00  4.87  0.149    0.953  10.14   9.57   9.25  
 0.070  2794.   -2.87  4.88  0.159    0.587   9.85   9.28   8.97  
 0.072  2813.   -2.84  4.88  0.161    0.447   9.80   9.23   8.92  
 0.075  2839.   -2.81  4.88  0.164    0.233   9.73   9.16   8.86  
 0.080  2879.   -2.76  4.89  0.168    0.028   9.62   9.05   8.76  
 0.090  2942.   -2.68  4.89  0.178    0.000   9.43   8.86   8.57  
 0.100  2993.   -2.61  4.90  0.186    0.000   9.27   8.69   8.42  
 0.200  3272.   -2.14  4.89  0.267    0.000   8.22   7.62   7.37  
 0.300  3409.   -1.87  4.86  0.336    0.000   7.60   6.99   6.75  
 0.400  3529.   -1.65  4.83  0.402    0.000   7.10   6.48   6.24  
 0.500  3705.   -1.41  4.77  0.484    0.000   6.54   5.89   5.67  
 0.600  4100.   -1.09  4.71  0.568    0.000   5.88   5.19   5.03  
 0.700  4402.   -0.88  4.69  0.629    0.000   5.44   4.79   4.66  
 0.800  4826.   -0.61  4.64  0.712    0.005   4.89   4.36   4.26  
 0.900  5209.   -0.37  4.58  0.807    0.082   4.41   3.98   3.89  
 1.000  5541.   -0.16  4.52  0.910    0.307   3.99   3.62   3.55  
 1.100  5886.    0.05  4.45  1.028    0.574   3.57   3.27   3.20  
 1.200  6170.    0.24  4.39  1.162    0.770   3.20   2.94   2.88  
 1.300  6453.    0.41  4.33  1.294    0.880   2.86   2.65   2.59  
 1.400  6766.    0.56  4.29  1.404    0.938   2.58   2.42   2.36  



  t (Gyr) =   0.1200
 M/Ms  Teff     L/Ls   g    R/Rs   Li/Li0    Mj     Mh     Mk
 0.030  1779.   -3.88  4.75  0.121    1.000  12.89  11.72  10.98  
 0.040  2225.   -3.46  4.84  0.126    1.000  11.27  10.59  10.22  
 0.050  2471.   -3.23  4.88  0.134    0.997  10.66  10.07   9.75  
 0.060  2635.   -3.06  4.91  0.142    0.901  10.29   9.72   9.40  
 0.070  2757.   -2.94  4.93  0.150    0.244  10.02   9.44   9.13  
 0.072  2780.   -2.91  4.93  0.152    0.111   9.96   9.39   9.08  
 0.075  2810.   -2.88  4.93  0.155    0.017   9.89   9.31   9.01  
 0.080  2853.   -2.83  4.94  0.159    0.000   9.78   9.20   8.90  
 0.090  2924.   -2.74  4.94  0.168    0.000   9.58   9.00   8.71  
 0.100  2978.   -2.67  4.95  0.176    0.000   9.41   8.83   8.55  
 0.200  3270.   -2.19  4.93  0.253    0.000   8.34   7.74   7.49  
 0.300  3411.   -1.91  4.90  0.320    0.000   7.70   7.09   6.85  
 0.400  3536.   -1.68  4.86  0.387    0.000   7.17   6.55   6.32  
 0.500  3727.   -1.42  4.78  0.474    0.000   6.57   5.92   5.70  
 0.600  4030.   -1.15  4.73  0.551    0.000   6.01   5.32   5.15  
 0.700  4400.   -0.88  4.68  0.631    0.000   5.43   4.78   4.65  
 0.800  4825.   -0.61  4.63  0.714    0.005   4.89   4.36   4.25  
 0.900  5208.   -0.37  4.58  0.808    0.082   4.41   3.97   3.88  
 1.000  5547.   -0.16  4.52  0.911    0.307   3.98   3.62   3.54  
 1.100  5889.    0.05  4.45  1.029    0.574   3.57   3.27   3.20  
 1.200  6172.    0.24  4.39  1.163    0.770   3.19   2.94   2.88  
 1.300  6455.    0.41  4.33  1.296    0.880   2.86   2.65   2.59  
 1.400  6767.    0.56  4.29  1.405    0.938   2.58   2.41   2.36  



  t (Gyr) =   0.2000
 M/Ms  Teff     L/Ls   g    R/Rs   Li/Li0    Mj     Mh     Mk
 0.040  1940.   -3.78  4.92  0.115    1.000  12.27  11.33  10.87  
 0.050  2268.   -3.48  4.99  0.118    0.986  11.31  10.64  10.30  
 0.060  2488.   -3.28  5.03  0.124    0.466  10.79  10.20   9.89  
 0.070  2639.   -3.14  5.05  0.130    0.000  10.48   9.89   9.59  
 0.072  2664.   -3.11  5.06  0.132    0.000  10.42   9.84   9.54  
 0.075  2698.   -3.08  5.06  0.133    0.000  10.35   9.77   9.47  
 0.080  2756.   -3.02  5.07  0.137    0.000  10.22   9.64   9.34  
 0.090  2853.   -2.91  5.07  0.144    0.000   9.99   9.41   9.11  
 0.100  2926.   -2.83  5.07  0.152    0.000   9.79   9.21   8.93  
 0.200  3264.   -2.28  5.03  0.227    0.000   8.58   7.99   7.73  
 0.300  3414.   -1.98  4.97  0.297    0.000   7.87   7.26   7.02  
 0.400  3537.   -1.73  4.91  0.368    0.000   7.29   6.67   6.43  
 0.500  3701.   -1.46  4.82  0.456    0.000   6.67   6.03   5.80  
 0.600  3981.   -1.17  4.73  0.552    0.000   6.04   5.36   5.18  
 0.700  4390.   -0.88  4.68  0.635    0.000   5.43   4.77   4.64  
 0.800  4824.   -0.61  4.63  0.717    0.004   4.88   4.35   4.24  
 0.900  5207.   -0.37  4.57  0.811    0.082   4.40   3.97   3.88  
 1.000  5567.   -0.15  4.52  0.914    0.307   3.96   3.61   3.53  
 1.100  5895.    0.06  4.45  1.032    0.574   3.56   3.26   3.19  
 1.200  6177.    0.24  4.38  1.167    0.770   3.18   2.93   2.87  
 1.300  6456.    0.42  4.32  1.302    0.880   2.85   2.64   2.58  
 1.400  6766.    0.57  4.28  1.416    0.938   2.57   2.40   2.34  



  t (Gyr) =   0.3000
 M/Ms  Teff     L/Ls   g    R/Rs   Li/Li0    Mj     Mh     Mk
 0.040  1667.   -4.09  4.97  0.109    1.000  13.75  12.42  11.49  
 0.050  2063.   -3.72  5.06  0.109    0.970  11.99  11.20  10.82  
 0.060  2331.   -3.48  5.11  0.113    0.084  11.24  10.63  10.33  
 0.070  2519.   -3.31  5.14  0.118    0.000  10.86  10.27   9.97  
 0.072  2552.   -3.28  5.14  0.119    0.000  10.80  10.20   9.90  
 0.075  2594.   -3.24  5.15  0.120    0.000  10.71  10.12   9.82  
 0.080  2660.   -3.17  5.16  0.123    0.000  10.56   9.98   9.68  
 0.090  2782.   -3.04  5.16  0.130    0.000  10.29   9.71   9.41  
 0.100  2874.   -2.94  5.16  0.138    0.000  10.07   9.48   9.20  
 0.200  3261.   -2.32  5.05  0.220    0.000   8.65   8.06   7.81  
 0.300  3415.   -1.99  4.98  0.293    0.000   7.90   7.29   7.05  
 0.400  3528.   -1.73  4.91  0.367    0.000   7.30   6.68   6.45  
 0.500  3689.   -1.46  4.81  0.459    0.000   6.67   6.03   5.80  
 0.600  3971.   -1.17  4.73  0.554    0.000   6.04   5.36   5.17  
 0.700  4388.   -0.88  4.67  0.637    0.000   5.42   4.77   4.63  
 0.800  4822.   -0.61  4.63  0.718    0.004   4.88   4.34   4.24  
 0.900  5209.   -0.37  4.57  0.813    0.081   4.39   3.96   3.87  
 1.000  5572.   -0.14  4.51  0.917    0.307   3.96   3.60   3.52  
 1.100  5898.    0.06  4.45  1.035    0.574   3.55   3.25   3.19  
 1.200  6179.    0.25  4.38  1.173    0.770   3.17   2.92   2.86  
 1.300  6456.    0.42  4.32  1.310    0.880   2.84   2.63   2.57  
 1.400  6761.    0.58  4.27  1.429    0.938   2.55   2.38   2.32  



  t (Gyr) =   0.4000
 M/Ms  Teff     L/Ls   g    R/Rs   Li/Li0    Mj     Mh     Mk
 0.050  1836.   -3.96  5.10  0.105    0.957  12.85  11.80  11.22  
 0.060  2207.   -3.62  5.16  0.107    0.011  11.72  11.01  10.68  
 0.070  2419.   -3.43  5.20  0.111    0.000  11.15  10.54  10.25  
 0.072  2457.   -3.40  5.20  0.112    0.000  11.07  10.47  10.18  
 0.075  2508.   -3.35  5.21  0.113    0.000  10.97  10.37  10.08  
 0.080  2594.   -3.27  5.21  0.116    0.000  10.79  10.19   9.90  
 0.090  2726.   -3.13  5.21  0.123    0.000  10.48   9.90   9.61  
 0.100  2844.   -3.00  5.20  0.131    0.000  10.20   9.61   9.33  
 0.200  3260.   -2.32  5.06  0.219    0.000   8.67   8.07   7.82  
 0.300  3415.   -1.99  4.98  0.292    0.000   7.90   7.30   7.05  
 0.400  3526.   -1.73  4.91  0.369    0.000   7.29   6.67   6.44  
 0.500  3685.   -1.46  4.81  0.460    0.000   6.67   6.02   5.80  
 0.600  3969.   -1.17  4.73  0.555    0.000   6.04   5.36   5.17  
 0.700  4387.   -0.87  4.67  0.638    0.000   5.42   4.76   4.63  
 0.800  4821.   -0.61  4.63  0.720    0.004   4.87   4.34   4.23  
 0.900  5210.   -0.36  4.57  0.814    0.081   4.39   3.96   3.87  
 1.000  5574.   -0.14  4.51  0.919    0.307   3.95   3.59   3.52  
 1.100  5901.    0.06  4.44  1.040    0.574   3.54   3.24   3.18  
 1.200  6181.    0.25  4.37  1.180    0.770   3.16   2.91   2.85  
 1.300  6453.    0.43  4.31  1.318    0.880   2.82   2.61   2.55  
 1.400  6750.    0.58  4.27  1.442    0.938   2.53   2.36   2.31  



  t (Gyr) =   0.5000
 M/Ms  Teff     L/Ls   g    R/Rs   Li/Li0    Mj     Mh     Mk
 0.050  1698.   -4.12  5.12  0.102    0.947  13.68  12.42  11.54  
 0.060  2082.   -3.76  5.19  0.103    0.001  11.99  11.27  10.96  
 0.070  2335.   -3.53  5.23  0.106    0.000  11.35  10.76  10.48  
 0.072  2378.   -3.49  5.24  0.107    0.000  11.28  10.68  10.39  
 0.075  2435.   -3.44  5.25  0.108    0.000  11.18  10.57  10.28  
 0.080  2539.   -3.34  5.25  0.112    0.000  10.95  10.35  10.06  
 0.090  2696.   -3.18  5.24  0.119    0.000  10.58  10.00   9.72  
 0.100  2828.   -3.03  5.22  0.128    0.000  10.27   9.68   9.40  
 0.200  3260.   -2.32  5.06  0.219    0.000   8.67   8.08   7.82  
 0.300  3415.   -1.99  4.98  0.292    0.000   7.90   7.30   7.05  
 0.400  3524.   -1.73  4.90  0.370    0.000   7.28   6.67   6.43  
 0.500  3682.   -1.46  4.81  0.461    0.000   6.66   6.02   5.80  
 0.600  3968.   -1.17  4.73  0.556    0.000   6.04   5.35   5.17  
 0.700  4386.   -0.87  4.67  0.639    0.000   5.42   4.76   4.63  
 0.800  4821.   -0.60  4.62  0.721    0.003   4.87   4.34   4.23  
 0.900  5211.   -0.36  4.57  0.816    0.080   4.38   3.95   3.86  
 1.000  5576.   -0.14  4.51  0.921    0.307   3.94   3.59   3.51  
 1.100  5904.    0.07  4.44  1.044    0.574   3.53   3.24   3.17  
 1.200  6182.    0.26  4.37  1.185    0.770   3.15   2.90   2.84  
 1.300  6451.    0.43  4.31  1.326    0.880   2.81   2.60   2.54  
 1.400  6742.    0.59  4.26  1.455    0.938   2.51   2.34   2.29  



  t (Gyr) =   0.6250
 M/Ms  Teff     L/Ls   g    R/Rs   Li/Li0    Mj     Mh     Mk
 0.050  1555.   -4.29  5.14  0.100    0.938  14.21  12.90  12.00  
 0.060  1908.   -3.94  5.22  0.099    0.000  12.60  11.73  11.30  
 0.070  2248.   -3.63  5.27  0.101    0.000  11.69  11.05  10.75  
 0.072  2301.   -3.58  5.27  0.103    0.000  11.44  10.88  10.61  
 0.075  2370.   -3.52  5.28  0.104    0.000  11.34  10.74  10.46  
 0.080  2485.   -3.41  5.28  0.108    0.000  11.11  10.50  10.21  
 0.090  2671.   -3.21  5.26  0.116    0.000  10.66  10.09   9.80  
 0.100  2817.   -3.05  5.23  0.127    0.000  10.32   9.73   9.44  
 0.200  3260.   -2.32  5.06  0.218    0.000   8.67   8.08   7.82  
 0.300  3415.   -1.99  4.98  0.292    0.000   7.90   7.29   7.05  
 0.400  3522.   -1.72  4.90  0.372    0.000   7.28   6.66   6.42  
 0.500  3681.   -1.46  4.81  0.462    0.000   6.66   6.02   5.80  
 0.600  3969.   -1.17  4.72  0.557    0.000   6.03   5.35   5.16  
 0.700  4385.   -0.87  4.67  0.640    0.000   5.41   4.76   4.62  
 0.800  4821.   -0.60  4.62  0.722    0.003   4.86   4.33   4.23  
 0.900  5213.   -0.36  4.57  0.818    0.080   4.38   3.95   3.86  
 1.000  5580.   -0.14  4.51  0.923    0.307   3.94   3.58   3.51  
 1.100  5907.    0.07  4.44  1.048    0.574   3.52   3.23   3.16  
 1.200  6183.    0.26  4.36  1.193    0.770   3.14   2.89   2.82  
 1.300  6446.    0.44  4.30  1.338    0.880   2.79   2.58   2.52  
 1.400  6727.    0.59  4.25  1.474    0.938   2.49   2.32   2.26  



  t (Gyr) =   0.8000
 M/Ms  Teff     L/Ls   g    R/Rs   Li/Li0    Mj     Mh     Mk
 0.060  1716.   -4.15  5.25  0.096    0.000  13.65  12.46  11.65  
 0.070  2136.   -3.75  5.30  0.098    0.000  11.98  11.30  11.03  
 0.072  2212.   -3.69  5.31  0.099    0.000  11.91  11.22  10.91  
 0.075  2294.   -3.61  5.31  0.100    0.000  11.50  10.94  10.67  
 0.080  2436.   -3.47  5.30  0.105    0.000  11.24  10.63  10.35  
 0.090  2656.   -3.24  5.27  0.115    0.000  10.72  10.14   9.85  
 0.100  2812.   -3.06  5.24  0.126    0.000  10.34   9.75   9.46  
 0.200  3260.   -2.32  5.06  0.218    0.000   8.67   8.08   7.82  
 0.300  3415.   -1.99  4.98  0.293    0.000   7.90   7.29   7.05  
 0.400  3521.   -1.72  4.89  0.374    0.000   7.27   6.65   6.41  
 0.500  3680.   -1.46  4.81  0.463    0.000   6.66   6.02   5.79  
 0.600  3968.   -1.17  4.72  0.558    0.000   6.03   5.35   5.16  
 0.700  4386.   -0.87  4.67  0.641    0.000   5.41   4.75   4.62  
 0.800  4823.   -0.60  4.62  0.724    0.003   4.86   4.33   4.22  
 0.900  5216.   -0.36  4.56  0.820    0.079   4.37   3.94   3.85  
 1.000  5586.   -0.13  4.50  0.927    0.306   3.92   3.57   3.50  
 1.100  5910.    0.08  4.43  1.054    0.574   3.51   3.21   3.15  
 1.200  6184.    0.27  4.36  1.202    0.770   3.12   2.87   2.80  
 1.300  6442.    0.45  4.29  1.356    0.880   2.77   2.55   2.49  
 1.400  6705.    0.61  4.23  1.502    0.938   2.46   2.28   2.22  



  t (Gyr) =   1.0000
 M/Ms  Teff     L/Ls   g    R/Rs   Li/Li0    Mj     Mh     Mk
 0.060  1584.   -4.30  5.26  0.095    0.000  14.25  12.96  12.06  
 0.070  2047.   -3.85  5.33  0.095    0.000  12.26  11.52  11.21  
 0.072  2109.   -3.79  5.33  0.096    0.000  12.02  11.35  11.10  
 0.075  2243.   -3.67  5.33  0.098    0.000  11.78  11.14  10.85  
 0.080  2400.   -3.51  5.32  0.103    0.000  11.34  10.72  10.45  
 0.090  2648.   -3.25  5.28  0.114    0.000  10.75  10.16   9.87  
 0.100  2810.   -3.06  5.24  0.125    0.000  10.35   9.75   9.46  
 0.200  3261.   -2.32  5.06  0.219    0.000   8.67   8.08   7.82  
 0.300  3415.   -1.99  4.98  0.293    0.000   7.89   7.29   7.05  
 0.400  3520.   -1.72  4.89  0.375    0.000   7.26   6.64   6.41  
 0.500  3680.   -1.46  4.80  0.463    0.000   6.66   6.01   5.79  
 0.600  3967.   -1.16  4.72  0.559    0.000   6.03   5.34   5.16  
 0.700  4387.   -0.87  4.67  0.642    0.000   5.41   4.75   4.62  
 0.800  4826.   -0.60  4.62  0.725    0.002   4.85   4.32   4.22  
 0.900  5220.   -0.35  4.56  0.822    0.078   4.36   3.93   3.84  
 1.000  5592.   -0.13  4.50  0.931    0.306   3.91   3.56   3.49  
 1.100  5916.    0.09  4.43  1.062    0.574   3.49   3.20   3.13  
 1.200  6187.    0.28  4.35  1.214    0.770   3.10   2.85   2.78  
 1.300  6438.    0.46  4.28  1.374    0.880   2.74   2.53   2.47  
 1.400  6684.    0.62  4.21  1.533    0.938   2.42   2.24   2.18  



  t (Gyr) =   2.0000
 M/Ms  Teff     L/Ls   g    R/Rs   Li/Li0    Mj     Mh     Mk
 0.070  1720.   -4.19  5.36  0.091    0.000  13.68  12.55  11.79  
 0.072  1811.   -4.09  5.37  0.092    0.000  13.13  12.20  11.62  
 0.075  2083.   -3.84  5.37  0.094    0.000  12.13  11.45  11.20  
 0.080  2348.   -3.57  5.34  0.100    0.000  11.44  10.86  10.59  
 0.090  2643.   -3.25  5.28  0.113    0.000  10.76  10.18   9.89  
 0.100  2810.   -3.06  5.24  0.125    0.000  10.35   9.75   9.47  
 0.200  3261.   -2.32  5.06  0.219    0.000   8.67   8.07   7.82  
 0.300  3415.   -1.98  4.97  0.295    0.000   7.88   7.27   7.03  
 0.400  3519.   -1.71  4.89  0.377    0.000   7.25   6.63   6.39  
 0.500  3679.   -1.45  4.80  0.466    0.000   6.64   6.00   5.78  
 0.600  3969.   -1.16  4.72  0.561    0.000   6.01   5.33   5.15  
 0.700  4396.   -0.86  4.66  0.646    0.000   5.39   4.73   4.60  
 0.800  4842.   -0.59  4.61  0.731    0.001   4.83   4.30   4.20  
 0.900  5244.   -0.33  4.55  0.833    0.073   4.32   3.90   3.81  
 1.000  5627.   -0.10  4.48  0.951    0.306   3.85   3.51   3.43  
 1.100  5945.    0.13  4.40  1.101    0.574   3.40   3.11   3.04  
 1.200  6202.    0.33  4.30  1.284    0.770   2.97   2.72   2.66  
 1.300  6403.    0.52  4.20  1.493    0.880   2.57   2.35   2.29  
 1.400  6464.    0.68  4.09  1.765    0.938   2.19   1.98   1.92  



  t (Gyr) =   3.0000
 M/Ms  Teff     L/Ls   g    R/Rs   Li/Li0    Mj     Mh     Mk
 0.070  1650.   -4.27  5.37  0.091    0.000  14.05  12.83  12.01  
 0.072  1793.   -4.11  5.37  0.092    0.000  13.24  12.27  11.66  
 0.075  2052.   -3.87  5.38  0.093    0.000  12.28  11.56  11.27  
 0.080  2343.   -3.58  5.34  0.100    0.000  11.44  10.87  10.61  
 0.090  2644.   -3.25  5.28  0.113    0.000  10.76  10.17   9.89  
 0.100  2810.   -3.06  5.24  0.125    0.000  10.35   9.75   9.47  
 0.200  3261.   -2.32  5.06  0.219    0.000   8.67   8.07   7.82  
 0.300  3416.   -1.97  4.97  0.297    0.000   7.86   7.26   7.01  
 0.400  3520.   -1.71  4.88  0.378    0.000   7.24   6.62   6.39  
 0.500  3679.   -1.45  4.80  0.468    0.000   6.64   5.99   5.77  
 0.600  3974.   -1.15  4.71  0.563    0.000   6.00   5.32   5.13  
 0.700  4407.   -0.85  4.66  0.648    0.000   5.37   4.72   4.59  
 0.800  4859.   -0.57  4.61  0.736    0.001   4.80   4.28   4.17  
 0.900  5270.   -0.31  4.54  0.845    0.070   4.28   3.86   3.77  
 1.000  5661.   -0.06  4.46  0.974    0.306   3.78   3.45   3.37  
 1.100  5974.    0.17  4.36  1.152    0.574   3.29   3.01   2.94  
 1.200  6191.    0.39  4.24  1.377    0.770   2.82   2.57   2.51  
 1.300  6177.    0.56  4.10  1.685    0.880   2.39   2.14   2.08  



  t (Gyr) =   4.0000
 M/Ms  Teff     L/Ls   g    R/Rs   Li/Li0    Mj     Mh     Mk
 0.070  1631.   -4.29  5.37  0.090    0.000  14.13  12.90  12.06  
 0.072  1790.   -4.12  5.37  0.092    0.000  13.26  12.29  11.66  
 0.075  2041.   -3.88  5.38  0.092    0.000  12.33  11.60  11.29  
 0.080  2343.   -3.58  5.34  0.100    0.000  11.45  10.87  10.61  
 0.090  2644.   -3.25  5.28  0.113    0.000  10.76  10.17   9.89  
 0.100  2811.   -3.06  5.24  0.125    0.000  10.35   9.75   9.47  
 0.200  3262.   -2.32  5.06  0.219    0.000   8.66   8.07   7.81  
 0.300  3416.   -1.97  4.96  0.299    0.000   7.84   7.24   7.00  
 0.400  3520.   -1.71  4.88  0.379    0.000   7.23   6.62   6.38  
 0.500  3680.   -1.45  4.79  0.469    0.000   6.63   5.99   5.76  
 0.600  3979.   -1.15  4.71  0.565    0.000   5.99   5.31   5.12  
 0.700  4418.   -0.85  4.66  0.651    0.000   5.35   4.70   4.57  
 0.800  4878.   -0.56  4.60  0.742    0.000   4.77   4.26   4.15  
 0.900  5297.   -0.29  4.53  0.857    0.068   4.23   3.82   3.74  
 1.000  5697.   -0.03  4.44  1.002    0.306   3.71   3.38   3.30  
 1.100  5996.    0.23  4.31  1.214    0.574   3.17   2.89   2.82  
 1.200  6053.    0.43  4.16  1.503    0.770   2.68   2.42   2.35  



  t (Gyr) =   5.0000
 M/Ms  Teff     L/Ls   g    R/Rs   Li/Li0    Mj     Mh     Mk
 0.070  1627.   -4.30  5.37  0.090    0.000  14.15  12.92  12.07  
 0.072  1790.   -4.12  5.37  0.092    0.000  13.27  12.29  11.67  
 0.075  2038.   -3.89  5.38  0.092    0.000  12.34  11.61  11.30  
 0.080  2343.   -3.58  5.34  0.100    0.000  11.44  10.87  10.61  
 0.090  2644.   -3.25  5.28  0.113    0.000  10.76  10.17   9.89  
 0.100  2811.   -3.06  5.24  0.125    0.000  10.35   9.75   9.46  
 0.200  3262.   -2.32  5.06  0.219    0.000   8.66   8.06   7.81  
 0.300  3416.   -1.96  4.96  0.301    0.000   7.83   7.23   6.98  
 0.400  3521.   -1.71  4.88  0.380    0.000   7.23   6.61   6.37  
 0.500  3682.   -1.44  4.79  0.470    0.000   6.62   5.98   5.76  
 0.600  3984.   -1.15  4.71  0.567    0.000   5.98   5.30   5.11  
 0.700  4430.   -0.84  4.65  0.654    0.000   5.34   4.69   4.56  
 0.800  4896.   -0.55  4.59  0.748    0.000   4.74   4.23   4.13  
 0.900  5325.   -0.27  4.51  0.870    0.066   4.19   3.78   3.69  
 1.000  5732.    0.01  4.41  1.036    0.306   3.62   3.30   3.22  
 1.100  5971.    0.27  4.26  1.292    0.574   3.04   2.76   2.69  



  t (Gyr) =   8.0000
 M/Ms  Teff     L/Ls   g    R/Rs   Li/Li0    Mj     Mh     Mk
 0.070  1626.   -4.30  5.37  0.090    0.000  14.16  12.92  12.07  
 0.072  1789.   -4.12  5.37  0.092    0.000  13.27  12.29  11.67  
 0.075  2036.   -3.89  5.38  0.092    0.000  12.35  11.62  11.30  
 0.080  2344.   -3.58  5.34  0.100    0.000  11.44  10.87  10.61  
 0.090  2645.   -3.25  5.28  0.114    0.000  10.76  10.17   9.88  
 0.100  2812.   -3.06  5.24  0.125    0.000  10.34   9.75   9.46  
 0.200  3264.   -2.31  5.05  0.221    0.000   8.64   8.05   7.80  
 0.300  3416.   -1.95  4.95  0.305    0.000   7.80   7.20   6.95  
 0.400  3522.   -1.70  4.87  0.382    0.000   7.22   6.60   6.36  
 0.500  3686.   -1.44  4.79  0.473    0.000   6.61   5.96   5.74  
 0.600  4001.   -1.13  4.70  0.571    0.000   5.95   5.26   5.08  
 0.700  4467.   -0.81  4.64  0.662    0.000   5.29   4.65   4.52  
 0.800  4958.   -0.50  4.57  0.767    0.000   4.65   4.16   4.06  
 0.900  5420.   -0.19  4.46  0.921    0.063   4.02   3.63   3.55  
 1.000  5772.    0.15  4.28  1.196    0.306   3.29   2.98   2.90  



  t (Gyr) =  10.0000
 M/Ms  Teff     L/Ls   g    R/Rs   Li/Li0    Mj     Mh     Mk
 0.070  1626.   -4.30  5.37  0.090    0.000  14.16  12.92  12.07  
 0.072  1790.   -4.12  5.37  0.092    0.000  13.27  12.29  11.67  
 0.075  2037.   -3.89  5.38  0.092    0.000  12.35  11.61  11.30  
 0.080  2345.   -3.58  5.34  0.100    0.000  11.44  10.87  10.60  
 0.090  2646.   -3.25  5.28  0.114    0.000  10.76  10.17   9.88  
 0.100  2812.   -3.06  5.24  0.125    0.000  10.34   9.75   9.46  
 0.200  3265.   -2.31  5.05  0.222    0.000   8.64   8.04   7.79  
 0.300  3416.   -1.95  4.94  0.307    0.000   7.79   7.18   6.94  
 0.400  3524.   -1.70  4.87  0.383    0.000   7.21   6.59   6.35  
 0.500  3689.   -1.43  4.78  0.475    0.000   6.60   5.95   5.73  
 0.600  4013.   -1.12  4.70  0.574    0.000   5.93   5.24   5.07  
 0.700  4493.   -0.79  4.63  0.667    0.000   5.25   4.62   4.50  
 0.800  5002.   -0.47  4.55  0.782    0.000   4.59   4.11   4.01  
 0.900  5495.   -0.12  4.42  0.971    0.063   3.87   3.50   3.42  
