
  t (Gyr) =   0.0005
 M/Ms  Teff     L/Ls   g    R/Rs   Li/Li0    Mv     Mr     Mi     Mj      Mh     Mk     Ml    Mll    Mm 
 0.010  2387.   -2.47  3.37  0.342    1.000  16.85  14.31  11.79   8.75   8.28   7.81   7.42   7.13   7.28
 0.015  2514.   -2.21  3.37  0.417    1.000  15.55  13.24  10.82   8.11   7.65   7.22   6.86   6.59   6.71
 0.020  2594.   -2.05  3.39  0.470    1.000  14.77  12.61  10.24   7.72   7.26   6.86   6.51   6.26   6.37
 0.030  2668.   -1.79  3.35  0.604    1.000  13.79  11.75   9.45   7.07   6.60   6.22   5.90   5.66   5.75
 0.040  2733.   -1.66  3.39  0.667    1.000  13.18  11.26   9.02   6.76   6.29   5.93   5.63   5.39   5.48
 0.050  2762.   -1.48  3.33  0.797    1.000  12.68  10.78   8.56   6.33   5.85   5.50   5.22   4.98   5.07
 0.060  2808.   -1.40  3.36  0.848    1.000  12.30  10.48   8.29   6.13   5.65   5.32   5.05   4.81   4.90
 0.070  2835.   -1.33  3.37  0.907    1.000  12.07  10.27   8.09   5.95   5.46   5.14   4.88   4.65   4.74
 0.072  2832.   -1.29  3.34  0.944    1.000  12.00  10.20   8.01   5.87   5.37   5.06   4.80   4.56   4.66
 0.075  2836.   -1.27  3.34  0.974    1.000  11.93  10.12   7.94   5.80   5.30   4.98   4.73   4.49   4.59
 0.080  2837.   -1.20  3.30  1.048    1.000  11.79   9.98   7.79   5.64   5.14   4.82   4.57   4.33   4.43
 0.090  2864.   -1.13  3.30  1.110    1.000  11.58   9.79   7.61   5.48   4.97   4.67   4.43   4.19   4.29
 0.100  2925.   -1.15  3.40  1.041    1.000  11.42   9.71   7.59   5.55   5.03   4.74   4.52   4.29   4.39
 0.200  3220.   -0.54  3.26  1.741    1.000   9.07   7.73   5.84   4.13   3.44   3.24   3.13   2.94   3.06
 0.300  3460.   -0.20  3.22  2.220    1.000   7.59   6.50   4.88   3.40   2.61   2.44   2.36   2.24   2.38
 0.400  3670.   -0.05  3.30  2.356    1.000   6.61   5.72   4.40   3.12   2.31   2.15   2.07   2.01   2.15
 0.500  3848.    0.07  3.35  2.464    1.000   5.81   5.04   4.00   2.87   2.08   1.94   1.86   1.83   1.98
 0.600  3987.    0.16  3.40  2.544    1.000   5.34   4.60   3.74   2.69   1.94   1.81   1.73   1.71   1.85
 0.700  4110.    0.26  3.43  2.678    1.000   4.98   4.20   3.47   2.47   1.77   1.65   1.57   1.56   1.69
 0.800  4221.    0.35  3.44  2.827    1.000   4.61   3.86   3.21   2.27   1.60   1.49   1.42   1.41   1.54
 0.900  4315.    0.43  3.45  2.967    1.000   4.32   3.60   3.00   2.10   1.46   1.36   1.29   1.28   1.40
 1.000  4397.    0.50  3.45  3.103    1.000   4.07   3.38   2.81   1.94   1.33   1.23   1.16   1.16   1.27
 1.100  4471.    0.57  3.46  3.235    1.000   3.85   3.18   2.64   1.80   1.21   1.12   1.05   1.05   1.16
 1.200  4537.    0.63  3.46  3.370    1.000   3.65   3.01   2.48   1.66   1.10   1.01   0.95   0.94   1.05
 1.300  4596.    0.68  3.46  3.496    1.000   3.48   2.85   2.34   1.55   1.00   0.91   0.85   0.84   0.95
 1.400  4647.    0.74  3.46  3.630    1.000   3.32   2.71   2.21   1.43   0.90   0.82   0.76   0.75   0.85



  t (Gyr) =   0.0010
 M/Ms  Teff     L/Ls   g    R/Rs   Li/Li0    Mv     Mr     Mi     Mj      Mh     Mk     Ml    Mll    Mm 
 0.010  2345.   -2.70  3.57  0.273    1.000  17.65  15.00  12.45   9.31   8.82   8.34   7.95   7.64   7.84
 0.015  2504.   -2.42  3.58  0.329    1.000  16.10  13.78  11.35   8.64   8.17   7.74   7.37   7.11   7.25
 0.020  2598.   -2.25  3.59  0.375    1.000  15.19  13.05  10.70   8.21   7.74   7.34   6.99   6.74   6.86
 0.030  2710.   -1.98  3.57  0.471    1.000  14.00  12.07   9.82   7.56   7.08   6.71   6.40   6.16   6.25
 0.040  2779.   -1.81  3.57  0.541    1.000  13.32  11.49   9.31   7.16   6.68   6.33   6.04   5.81   5.89
 0.050  2824.   -1.65  3.53  0.633    1.000  12.78  11.01   8.85   6.76   6.27   5.94   5.66   5.43   5.52
 0.060  2864.   -1.53  3.52  0.708    1.000  12.41  10.67   8.53   6.46   5.97   5.66   5.40   5.17   5.26
 0.070  2897.   -1.41  3.49  0.788    1.000  12.08  10.37   8.23   6.19   5.69   5.39   5.14   4.92   5.01
 0.072  2896.   -1.39  3.48  0.809    1.000  12.04  10.32   8.18   6.13   5.64   5.33   5.09   4.86   4.95
 0.075  2897.   -1.36  3.47  0.836    1.000  11.97  10.25   8.11   6.06   5.56   5.26   5.02   4.79   4.88
 0.080  2898.   -1.31  3.45  0.884    1.000  11.86  10.13   7.99   5.94   5.43   5.13   4.90   4.66   4.76
 0.090  2908.   -1.23  3.42  0.967    1.000  11.65   9.92   7.78   5.73   5.22   4.93   4.70   4.46   4.56
 0.100  2936.   -1.17  3.43  1.010    1.000  11.42   9.73   7.62   5.60   5.08   4.79   4.58   4.35   4.44
 0.200  3226.   -0.66  3.38  1.515    1.000   9.29   7.97   6.10   4.42   3.76   3.55   3.43   3.24   3.36
 0.300  3428.   -0.48  3.48  1.649    1.000   8.29   7.19   5.53   4.06   3.33   3.14   3.05   2.92   3.04
 0.400  3634.   -0.32  3.54  1.767    1.000   7.25   6.34   5.03   3.75   2.98   2.81   2.72   2.65   2.78
 0.500  3802.   -0.18  3.59  1.885    1.000   6.54   5.74   4.64   3.48   2.70   2.55   2.48   2.43   2.57
 0.600  3955.   -0.07  3.62  1.986    1.000   5.97   5.22   4.31   3.24   2.50   2.36   2.29   2.26   2.40
 0.700  4078.    0.04  3.63  2.113    1.000   5.57   4.79   4.02   3.01   2.30   2.17   2.10   2.08   2.22
 0.800  4192.    0.13  3.65  2.218    1.000   5.21   4.45   3.77   2.82   2.14   2.03   1.96   1.94   2.07
 0.900  4290.    0.21  3.66  2.328    1.000   4.90   4.17   3.55   2.64   1.99   1.89   1.82   1.81   1.93
 1.000  4377.    0.28  3.66  2.435    1.000   4.64   3.93   3.35   2.48   1.86   1.76   1.70   1.69   1.80
 1.100  4456.    0.35  3.67  2.540    1.000   4.41   3.73   3.18   2.33   1.74   1.64   1.58   1.57   1.69
 1.200  4529.    0.41  3.68  2.632    0.999   4.21   3.55   3.02   2.20   1.63   1.54   1.48   1.48   1.58
 1.300  4596.    0.47  3.68  2.731    0.998   4.01   3.39   2.87   2.08   1.53   1.45   1.39   1.38   1.48
 1.400  4658.    0.52  3.68  2.819    0.998   3.85   3.24   2.74   1.97   1.44   1.36   1.30   1.29   1.39



  t (Gyr) =   0.0020
 M/Ms  Teff     L/Ls   g    R/Rs   Li/Li0    Mv     Mr     Mi     Mj      Mh     Mk     Ml    Mll    Mm 
 0.010  2236.   -2.96  3.75  0.222    1.000  18.79  16.01  13.44   9.98   9.46   8.96   8.52   8.20   8.48
 0.015  2452.   -2.65  3.77  0.264    1.000  16.95  14.52  12.05   9.21   8.72   8.29   7.91   7.63   7.81
 0.020  2571.   -2.46  3.78  0.301    1.000  15.86  13.66  11.28   8.74   8.26   7.85   7.50   7.25   7.39
 0.030  2707.   -2.14  3.73  0.390    1.000  14.42  12.48  10.23   7.98   7.50   7.13   6.81   6.57   6.68
 0.040  2784.   -1.90  3.67  0.484    1.000  13.51  11.70   9.52   7.39   6.91   6.56   6.27   6.04   6.13
 0.050  2829.   -1.72  3.61  0.579    1.000  12.94  11.18   9.03   6.95   6.46   6.13   5.85   5.62   5.71
 0.060  2867.   -1.58  3.57  0.667    1.000  12.51  10.78   8.64   6.59   6.10   5.78   5.52   5.29   5.38
 0.070  2902.   -1.45  3.53  0.749    1.000  12.15  10.45   8.32   6.30   5.80   5.49   5.25   5.02   5.11
 0.072  2907.   -1.43  3.53  0.767    1.000  12.08  10.38   8.26   6.24   5.74   5.44   5.19   4.97   5.06
 0.075  2914.   -1.40  3.52  0.792    1.000  11.99  10.29   8.17   6.16   5.66   5.36   5.12   4.89   4.98
 0.080  2924.   -1.35  3.50  0.834    1.000  11.84  10.16   8.04   6.03   5.53   5.23   5.00   4.77   4.86
 0.090  2934.   -1.26  3.47  0.911    1.000  11.62   9.94   7.83   5.83   5.31   5.02   4.80   4.57   4.67
 0.100  2972.   -1.26  3.53  0.897    1.000  11.46   9.84   7.76   5.82   5.29   5.01   4.80   4.57   4.67
 0.200  3202.   -0.96  3.67  1.086    1.000   9.93   8.64   6.80   5.17   4.56   4.33   4.17   3.99   4.09
 0.300  3428.   -0.72  3.72  1.248    1.000   8.76   7.69   6.09   4.67   3.98   3.78   3.66   3.53   3.64
 0.400  3606.   -0.55  3.76  1.374    1.000   7.85   6.93   5.59   4.31   3.58   3.40   3.30   3.21   3.33
 0.500  3763.   -0.41  3.79  1.488    1.000   7.16   6.34   5.19   4.02   3.27   3.11   3.02   2.96   3.10
 0.600  3906.   -0.29  3.82  1.575    1.000   6.60   5.84   4.87   3.78   3.04   2.90   2.82   2.78   2.92
 0.700  4033.   -0.18  3.84  1.672    0.999   6.17   5.41   4.58   3.55   2.83   2.70   2.63   2.61   2.74
 0.800  4153.   -0.09  3.85  1.762    0.996   5.81   5.03   4.31   3.34   2.65   2.54   2.47   2.45   2.58
 0.900  4259.   -0.00  3.86  1.848    0.986   5.48   4.73   4.08   3.16   2.50   2.40   2.33   2.32   2.44
 1.000  4350.    0.07  3.87  1.933    0.973   5.20   4.48   3.88   3.00   2.37   2.27   2.21   2.19   2.31
 1.100  4432.    0.14  3.87  2.010    0.969   4.96   4.27   3.71   2.85   2.25   2.16   2.09   2.09   2.20
 1.200  4508.    0.20  3.88  2.089    0.972   4.75   4.08   3.54   2.72   2.14   2.05   1.99   1.98   2.09
 1.300  4581.    0.26  3.88  2.165    0.977   4.55   3.90   3.39   2.59   2.04   1.95   1.89   1.88   1.99
 1.400  4653.    0.32  3.88  2.238    0.983   4.36   3.74   3.24   2.47   1.94   1.86   1.80   1.79   1.89



  t (Gyr) =   0.0030
 M/Ms  Teff     L/Ls   g    R/Rs   Li/Li0    Mv     Mr     Mi     Mj      Mh     Mk     Ml    Mll    Mm 
 0.010  2142.   -3.13  3.84  0.199    1.000  19.57  16.70  14.13  10.41   9.85   9.33   8.86   8.52   8.84
 0.015  2406.   -2.79  3.88  0.234    1.000  17.55  15.02  12.52   9.55   9.06   8.61   8.22   7.94   8.15
 0.020  2545.   -2.57  3.88  0.269    1.000  16.28  14.03  11.62   9.02   8.54   8.13   7.77   7.51   7.67
 0.030  2706.   -2.17  3.76  0.376    1.000  14.50  12.56  10.31   8.06   7.58   7.21   6.89   6.65   6.75
 0.040  2784.   -1.92  3.69  0.474    1.000  13.55  11.74   9.57   7.44   6.96   6.61   6.31   6.09   6.18
 0.050  2831.   -1.74  3.64  0.563    1.000  12.98  11.23   9.08   7.01   6.52   6.19   5.91   5.68   5.77
 0.060  2870.   -1.61  3.60  0.639    1.000  12.58  10.86   8.72   6.68   6.19   5.87   5.61   5.38   5.47
 0.070  2906.   -1.51  3.59  0.701    1.000  12.25  10.56   8.44   6.44   5.94   5.63   5.39   5.16   5.25
 0.072  2911.   -1.49  3.59  0.715    1.000  12.19  10.50   8.39   6.39   5.88   5.58   5.34   5.11   5.20
 0.075  2919.   -1.46  3.58  0.732    1.000  12.10  10.43   8.32   6.32   5.82   5.52   5.28   5.05   5.15
 0.080  2931.   -1.42  3.57  0.764    1.000  11.96  10.30   8.20   6.22   5.71   5.41   5.18   4.95   5.05
 0.090  2956.   -1.36  3.59  0.800    1.000  11.75  10.12   8.03   6.09   5.57   5.28   5.06   4.83   4.93
 0.100  2998.   -1.44  3.73  0.716    1.000  11.73  10.18   8.14   6.28   5.75   5.47   5.26   5.04   5.14
 0.200  3196.   -1.10  3.81  0.924    1.000  10.23   8.96   7.13   5.53   4.94   4.70   4.53   4.35   4.44
 0.300  3404.   -0.86  3.85  1.075    1.000   9.11   8.03   6.43   5.01   4.36   4.14   4.01   3.87   3.97
 0.400  3582.   -0.68  3.88  1.196    1.000   8.21   7.27   5.91   4.63   3.93   3.74   3.63   3.53   3.64
 0.500  3731.   -0.54  3.91  1.302    1.000   7.54   6.70   5.51   4.33   3.60   3.43   3.34   3.27   3.39
 0.600  3868.   -0.42  3.93  1.385    0.996   6.99   6.21   5.19   4.09   3.36   3.21   3.12   3.08   3.21
 0.700  3998.   -0.31  3.95  1.470    0.978   6.51   5.77   4.90   3.86   3.13   3.00   2.93   2.90   3.03
 0.800  4120.   -0.21  3.96  1.547    0.918   6.17   5.38   4.63   3.65   2.95   2.83   2.76   2.74   2.87
 0.900  4232.   -0.13  3.97  1.617    0.873   5.83   5.07   4.40   3.47   2.80   2.69   2.63   2.62   2.74
 1.000  4330.   -0.05  3.98  1.687    0.875   5.54   4.81   4.20   3.31   2.67   2.57   2.51   2.49   2.61
 1.100  4421.    0.02  3.99  1.761    0.899   5.27   4.57   4.00   3.15   2.54   2.45   2.38   2.38   2.49
 1.200  4505.    0.09  3.99  1.831    0.925   5.04   4.37   3.83   3.00   2.42   2.33   2.28   2.27   2.37
 1.300  4588.    0.15  3.99  1.902    0.947   4.82   4.18   3.66   2.87   2.31   2.23   2.17   2.16   2.27
 1.400  4671.    0.22  3.99  1.982    0.965   4.60   3.98   3.49   2.72   2.19   2.11   2.06   2.05   2.15



  t (Gyr) =   0.0040
 M/Ms  Teff     L/Ls   g    R/Rs   Li/Li0    Mv     Mr     Mi     Mj      Mh     Mk     Ml    Mll    Mm 
 0.010  2053.   -3.27  3.90  0.186    1.000  20.30  17.38  14.84  10.82  10.19   9.63   9.11   8.76   9.10
 0.015  2362.   -2.89  3.94  0.216    1.000  18.02  15.40  12.86   9.78   9.28   8.83   8.44   8.14   8.38
 0.020  2535.   -2.61  3.91  0.259    1.000  16.45  14.17  11.75   9.12   8.63   8.22   7.86   7.60   7.77
 0.030  2705.   -2.19  3.78  0.370    1.000  14.54  12.60  10.35   8.09   7.61   7.24   6.92   6.68   6.79
 0.040  2785.   -1.95  3.71  0.461    1.000  13.61  11.80   9.62   7.50   7.02   6.67   6.37   6.15   6.24
 0.050  2834.   -1.78  3.67  0.538    1.000  13.06  11.31   9.16   7.10   6.61   6.28   6.00   5.78   5.87
 0.060  2875.   -1.68  3.68  0.587    1.000  12.72  11.01   8.89   6.86   6.37   6.05   5.79   5.57   5.66
 0.070  2914.   -1.64  3.73  0.600    1.000  12.49  10.83   8.74   6.77   6.27   5.96   5.71   5.49   5.58
 0.072  2921.   -1.63  3.73  0.606    1.000  12.43  10.79   8.70   6.74   6.23   5.93   5.68   5.46   5.55
 0.075  2931.   -1.61  3.74  0.611    1.000  12.37  10.73   8.65   6.71   6.20   5.90   5.66   5.44   5.53
 0.080  2946.   -1.58  3.74  0.630    1.000  12.23  10.62   8.55   6.62   6.11   5.81   5.58   5.36   5.45
 0.090  2976.   -1.53  3.76  0.652    1.000  12.01  10.44   8.39   6.51   5.99   5.70   5.48   5.26   5.35
 0.100  3013.   -1.55  3.85  0.619    1.000  11.90  10.40   8.40   6.58   6.06   5.78   5.55   5.35   5.44
 0.200  3206.   -1.19  3.90  0.829    1.000  10.37   9.13   7.33   5.76   5.18   4.93   4.76   4.58   4.67
 0.300  3389.   -0.95  3.93  0.977    1.000   9.32   8.24   6.64   5.23   4.60   4.38   4.24   4.09   4.19
 0.400  3560.   -0.78  3.97  1.086    1.000   8.47   7.52   6.14   4.86   4.17   3.98   3.86   3.75   3.86
 0.500  3704.   -0.63  3.99  1.183    0.995   7.82   6.96   5.74   4.56   3.84   3.67   3.57   3.49   3.61
 0.600  3842.   -0.51  4.01  1.268    0.966   7.26   6.46   5.41   4.30   3.57   3.42   3.33   3.28   3.41
 0.700  3976.   -0.40  4.03  1.344    0.836   6.76   6.01   5.12   4.07   3.35   3.21   3.14   3.10   3.23
 0.800  4096.   -0.30  4.04  1.412    0.712   6.43   5.63   4.85   3.86   3.16   3.04   2.97   2.95   3.08
 0.900  4212.   -0.22  4.05  1.476    0.718   6.07   5.30   4.62   3.68   3.01   2.90   2.83   2.82   2.94
 1.000  4315.   -0.14  4.06  1.539    0.761   5.77   5.03   4.41   3.51   2.87   2.77   2.71   2.70   2.82
 1.100  4417.   -0.06  4.06  1.613    0.826   5.47   4.77   4.20   3.34   2.73   2.64   2.58   2.57   2.68
 1.200  4513.    0.02  4.06  1.682    0.879   5.21   4.54   4.00   3.18   2.60   2.51   2.46   2.45   2.56
 1.300  4609.    0.09  4.06  1.754    0.922   4.96   4.32   3.81   3.03   2.48   2.39   2.34   2.33   2.43
 1.400  4710.    0.16  4.06  1.830    0.952   4.71   4.11   3.62   2.87   2.35   2.27   2.22   2.21   2.31



  t (Gyr) =   0.0050
 M/Ms  Teff     L/Ls   g    R/Rs   Li/Li0    Mv     Mr     Mi     Mj      Mh     Mk     Ml    Mll    Mm 
 0.010  1961.   -3.39  3.94  0.177    1.000  20.76  17.88  15.44  11.21  10.49   9.87   9.27   8.93   9.23
 0.015  2330.   -2.96  3.99  0.206    1.000  18.36  15.68  13.13   9.95   9.44   8.98   8.58   8.27   8.55
 0.020  2531.   -2.62  3.92  0.256    1.000  16.50  14.21  11.79   9.15   8.66   8.25   7.89   7.63   7.80
 0.030  2705.   -2.20  3.79  0.364    1.000  14.58  12.63  10.38   8.13   7.65   7.27   6.95   6.72   6.83
 0.040  2785.   -1.98  3.75  0.443    1.000  13.68  11.88   9.70   7.59   7.10   6.75   6.46   6.23   6.32
 0.050  2841.   -1.85  3.75  0.493    1.000  13.20  11.47   9.33   7.29   6.80   6.46   6.19   5.96   6.05
 0.060  2890.   -1.81  3.82  0.500    1.000  12.94  11.27   9.17   7.20   6.70   6.38   6.12   5.90   5.99
 0.070  2928.   -1.76  3.86  0.515    1.000  12.69  11.08   9.01   7.09   6.58   6.28   6.02   5.81   5.90
 0.072  2934.   -1.75  3.86  0.522    1.000  12.63  11.03   8.96   7.05   6.54   6.24   5.99   5.77   5.86
 0.075  2944.   -1.73  3.87  0.529    1.000  12.56  10.96   8.91   7.01   6.50   6.20   5.95   5.74   5.83
 0.080  2959.   -1.69  3.87  0.546    1.000  12.42  10.85   8.80   6.92   6.41   6.11   5.87   5.66   5.75
 0.090  2992.   -1.64  3.88  0.570    1.000  12.17  10.64   8.62   6.78   6.27   5.98   5.75   5.54   5.63
 0.100  3027.   -1.63  3.94  0.559    1.000  12.00  10.54   8.57   6.79   6.27   5.99   5.76   5.56   5.65
 0.200  3220.   -1.26  3.97  0.764    1.000  10.46   9.24   7.47   5.92   5.35   5.10   4.92   4.74   4.83
 0.300  3379.   -1.02  4.00  0.906    1.000   9.48   8.40   6.81   5.40   4.79   4.56   4.41   4.26   4.35
 0.400  3546.   -0.84  4.03  1.014    0.998   8.65   7.70   6.30   5.02   4.35   4.15   4.02   3.91   4.02
 0.500  3696.   -0.70  4.05  1.103    0.975   7.98   7.12   5.90   4.71   4.01   3.83   3.73   3.65   3.76
 0.600  3830.   -0.57  4.07  1.182    0.834   7.43   6.63   5.57   4.46   3.75   3.59   3.49   3.44   3.56
 0.700  3960.   -0.47  4.09  1.253    0.547   6.95   6.20   5.28   4.23   3.52   3.38   3.30   3.26   3.39
 0.800  4081.   -0.37  4.10  1.317    0.517   6.60   5.81   5.02   4.03   3.33   3.20   3.13   3.11   3.24
 0.900  4198.   -0.28  4.11  1.376    0.567   6.26   5.48   4.79   3.84   3.17   3.06   2.99   2.97   3.10
 1.000  4310.   -0.20  4.12  1.441    0.658   5.93   5.18   4.56   3.66   3.02   2.92   2.85   2.84   2.96
 1.100  4422.   -0.12  4.12  1.505    0.755   5.62   4.91   4.34   3.49   2.88   2.78   2.72   2.71   2.83
 1.200  4531.   -0.03  4.12  1.581    0.842   5.32   4.65   4.12   3.30   2.73   2.64   2.59   2.58   2.68
 1.300  4644.    0.05  4.11  1.656    0.904   5.03   4.41   3.90   3.13   2.59   2.51   2.46   2.45   2.55
 1.400  4771.    0.14  4.11  1.733    0.944   4.74   4.16   3.68   2.95   2.45   2.37   2.32   2.32   2.41



  t (Gyr) =   0.0080
 M/Ms  Teff     L/Ls   g    R/Rs   Li/Li0    Mv     Mr     Mi     Mj      Mh     Mk     Ml    Mll    Mm 
 0.010  1714.   -3.70  4.02  0.162    1.000  21.34  18.66  16.56  12.55  11.32  10.44   9.63   9.31   9.59
 0.015  2280.   -3.05  4.04  0.194    1.000  18.83  16.07  13.51  10.18   9.66   9.20   8.78   8.46   8.77
 0.020  2525.   -2.65  3.94  0.250    1.000  16.59  14.29  11.86   9.21   8.72   8.31   7.95   7.68   7.86
 0.030  2699.   -2.29  3.87  0.331    1.000  14.81  12.86  10.60   8.34   7.86   7.49   7.17   6.93   7.04
 0.040  2784.   -2.22  3.99  0.336    1.000  14.25  12.46  10.29   8.20   7.71   7.36   7.06   6.84   6.93
 0.050  2849.   -2.13  4.03  0.356    1.000  13.79  12.09   9.98   7.99   7.49   7.16   6.88   6.66   6.75
 0.060  2903.   -2.05  4.06  0.377    1.000  13.40  11.78   9.71   7.80   7.30   6.98   6.71   6.50   6.59
 0.070  2948.   -1.97  4.08  0.399    1.000  13.07  11.51   9.48   7.62   7.12   6.81   6.55   6.35   6.44
 0.072  2956.   -1.96  4.08  0.404    1.000  13.00  11.45   9.43   7.58   7.08   6.77   6.52   6.31   6.40
 0.075  2968.   -1.93  4.08  0.414    1.000  12.90  11.36   9.35   7.52   7.01   6.71   6.46   6.25   6.34
 0.080  2986.   -1.89  4.08  0.427    1.000  12.74  11.23   9.23   7.42   6.91   6.62   6.37   6.17   6.26
 0.090  3017.   -1.83  4.09  0.449    1.000  12.48  11.02   9.05   7.28   6.77   6.48   6.24   6.04   6.13
 0.100  3045.   -1.80  4.12  0.457    1.000  12.28  10.87   8.94   7.22   6.70   6.41   6.18   5.98   6.07
 0.200  3234.   -1.40  4.12  0.642    1.000  10.71   9.52   7.80   6.29   5.72   5.47   5.28   5.11   5.20
 0.300  3364.   -1.17  4.14  0.771    0.996   9.83   8.75   7.17   5.77   5.17   4.94   4.77   4.63   4.71
 0.400  3518.   -0.99  4.16  0.871    0.926   9.03   8.06   6.66   5.37   4.73   4.52   4.38   4.27   4.36
 0.500  3669.   -0.84  4.18  0.952    0.449   8.35   7.47   6.24   5.06   4.38   4.19   4.07   3.99   4.09
 0.600  3798.   -0.72  4.20  1.018    0.087   7.83   7.01   5.92   4.81   4.12   3.95   3.84   3.78   3.90
 0.700  3923.   -0.61  4.22  1.079    0.104   7.36   6.58   5.64   4.58   3.89   3.74   3.64   3.60   3.72
 0.800  4049.   -0.51  4.23  1.141    0.173   6.97   6.19   5.36   4.36   3.67   3.54   3.46   3.43   3.56
 0.900  4184.   -0.41  4.23  1.201    0.282   6.59   5.80   5.09   4.14   3.48   3.36   3.29   3.27   3.40
 1.000  4327.   -0.30  4.23  1.266    0.448   6.18   5.44   4.82   3.93   3.29   3.19   3.13   3.12   3.23
 1.100  4481.   -0.20  4.23  1.332    0.630   5.78   5.09   4.54   3.71   3.12   3.03   2.97   2.96   3.07
 1.200  4647.   -0.09  4.22  1.409    0.785   5.38   4.75   4.25   3.48   2.94   2.86   2.80   2.80   2.89
 1.300  4837.    0.04  4.20  1.500    0.882   4.96   4.39   3.93   3.23   2.74   2.67   2.62   2.61   2.70
 1.400  5064.    0.18  4.17  1.615    0.938   4.50   3.99   3.57   2.94   2.51   2.45   2.41   2.40   2.47



  t (Gyr) =   0.0100
 M/Ms  Teff     L/Ls   g    R/Rs   Li/Li0    Mv     Mr     Mi     Mj      Mh     Mk     Ml    Mll    Mm 
 0.010  1570.   -3.87  4.04  0.158    1.000  21.67  18.77  16.70  13.27  12.02  10.92   9.82   9.48   9.87
 0.015  2261.   -3.08  4.05  0.191    1.000  18.95  16.18  13.62  10.24   9.72   9.26   8.83   8.51   8.84
 0.020  2519.   -2.67  3.96  0.246    1.000  16.67  14.36  11.92   9.25   8.77   8.35   7.99   7.72   7.91
 0.030  2682.   -2.43  4.01  0.285    1.000  15.24  13.26  10.98   8.70   8.21   7.83   7.51   7.27   7.39
 0.040  2768.   -2.35  4.10  0.294    1.000  14.64  12.79  10.61   8.50   8.01   7.66   7.35   7.13   7.24
 0.050  2843.   -2.23  4.13  0.317    1.000  14.08  12.34  10.24   8.25   7.75   7.42   7.13   6.91   7.01
 0.060  2900.   -2.15  4.16  0.338    1.000  13.64  12.02   9.95   8.04   7.54   7.22   6.95   6.74   6.83
 0.070  2946.   -2.06  4.17  0.361    1.000  13.28  11.72   9.69   7.84   7.34   7.03   6.77   6.56   6.66
 0.072  2954.   -2.04  4.17  0.366    1.000  13.21  11.66   9.64   7.80   7.30   6.99   6.73   6.53   6.62
 0.075  2967.   -2.02  4.17  0.372    1.000  13.11  11.58   9.57   7.75   7.24   6.94   6.68   6.48   6.57
 0.080  2987.   -1.98  4.17  0.386    1.000  12.94  11.44   9.44   7.65   7.14   6.84   6.59   6.39   6.48
 0.090  3021.   -1.91  4.17  0.408    1.000  12.64  11.19   9.24   7.49   6.97   6.68   6.44   6.24   6.33
 0.100  3050.   -1.87  4.19  0.419    1.000  12.41  11.01   9.10   7.40   6.88   6.59   6.36   6.16   6.25
 0.200  3240.   -1.47  4.19  0.592    1.000  10.84   9.66   7.96   6.46   5.90   5.65   5.45   5.29   5.37
 0.300  3363.   -1.23  4.20  0.719    0.979   9.96   8.89   7.32   5.93   5.33   5.10   4.93   4.78   4.86
 0.400  3508.   -1.05  4.22  0.811    0.663   9.20   8.23   6.82   5.54   4.91   4.69   4.54   4.43   4.52
 0.500  3651.   -0.91  4.24  0.887    0.024   8.54   7.66   6.41   5.22   4.56   4.37   4.24   4.15   4.25
 0.600  3781.   -0.79  4.26  0.950    0.020   8.01   7.19   6.09   4.97   4.29   4.12   4.01   3.94   4.05
 0.700  3908.   -0.67  4.27  1.013    0.036   7.53   6.75   5.79   4.73   4.04   3.89   3.79   3.75   3.87
 0.800  4041.   -0.57  4.28  1.073    0.086   7.11   6.34   5.50   4.50   3.82   3.68   3.60   3.57   3.69
 0.900  4191.   -0.46  4.29  1.129    0.191   6.70   5.92   5.21   4.27   3.61   3.49   3.42   3.41   3.53
 1.000  4363.   -0.34  4.28  1.198    0.383   6.23   5.50   4.90   4.02   3.40   3.30   3.24   3.23   3.34
 1.100  4553.   -0.21  4.27  1.269    0.597   5.76   5.10   4.57   3.77   3.20   3.11   3.06   3.05   3.15
 1.200  4768.   -0.07  4.25  1.358    0.774   5.28   4.69   4.21   3.48   2.98   2.90   2.85   2.85   2.94
 1.300  5038.    0.09  4.22  1.470    0.880   4.74   4.22   3.79   3.16   2.72   2.66   2.61   2.61   2.68
 1.400  5363.    0.29  4.16  1.637    0.938   4.13   3.69   3.31   2.76   2.39   2.34   2.31   2.30   2.36



  t (Gyr) =   0.0150
 M/Ms  Teff     L/Ls   g    R/Rs   Li/Li0    Mv     Mr     Mi     Mj      Mh     Mk     Ml    Mll    Mm 
 0.015  2237.   -3.11  4.07  0.187    1.000  19.16  16.36  13.79  10.34   9.81   9.34   8.90   8.58   8.91
 0.020  2495.   -2.74  4.01  0.231    1.000  16.99  14.62  12.16   9.43   8.94   8.52   8.16   7.88   8.08
 0.030  2614.   -2.69  4.22  0.224    1.000  16.33  14.07  11.73   9.30   8.82   8.44   8.10   7.85   8.02
 0.040  2721.   -2.55  4.27  0.242    1.000  15.29  13.37  11.15   8.98   8.49   8.13   7.81   7.58   7.71
 0.050  2827.   -2.41  4.30  0.263    1.000  14.60  12.78  10.67   8.67   8.18   7.84   7.55   7.33   7.44
 0.060  2892.   -2.30  4.31  0.284    1.000  14.03  12.40  10.34   8.43   7.93   7.61   7.33   7.12   7.22
 0.070  2943.   -2.21  4.31  0.305    1.000  13.62  12.07  10.05   8.22   7.71   7.40   7.13   6.93   7.03
 0.072  2952.   -2.19  4.31  0.309    1.000  13.55  12.01  10.00   8.18   7.67   7.36   7.10   6.89   6.99
 0.075  2965.   -2.17  4.32  0.315    1.000  13.45  11.93   9.93   8.12   7.62   7.31   7.05   6.85   6.94
 0.080  2986.   -2.13  4.31  0.326    1.000  13.27  11.78   9.80   8.02   7.51   7.21   6.95   6.75   6.85
 0.090  3023.   -2.06  4.32  0.344    1.000  12.95  11.52   9.59   7.86   7.35   7.05   6.80   6.61   6.70
 0.100  3056.   -2.01  4.33  0.358    1.000  12.68  11.30   9.42   7.75   7.22   6.93   6.69   6.51   6.59
 0.200  3252.   -1.59  4.32  0.512    0.985  11.05   9.90   8.23   6.77   6.21   5.95   5.76   5.60   5.67
 0.300  3374.   -1.34  4.32  0.628    0.594  10.17   9.11   7.57   6.21   5.62   5.39   5.21   5.07   5.15
 0.400  3498.   -1.17  4.33  0.712    0.000   9.47   8.50   7.10   5.83   5.22   5.00   4.84   4.72   4.80
 0.500  3621.   -1.03  4.35  0.780    0.000   8.88   7.98   6.72   5.53   4.89   4.69   4.54   4.45   4.54
 0.600  3748.   -0.91  4.37  0.841    0.001   8.34   7.50   6.38   5.26   4.61   4.42   4.30   4.22   4.33
 0.700  3891.   -0.78  4.37  0.902    0.003   7.81   7.02   6.05   5.00   4.32   4.16   4.06   4.01   4.12
 0.800  4054.   -0.65  4.37  0.962    0.021   7.32   6.54   5.71   4.72   4.05   3.91   3.83   3.80   3.92
 0.900  4263.   -0.51  4.37  1.028    0.111   6.76   6.00   5.34   4.42   3.78   3.67   3.60   3.59   3.71
 1.000  4530.   -0.35  4.35  1.100    0.318   6.11   5.44   4.90   4.09   3.52   3.43   3.37   3.36   3.47
 1.100  4850.   -0.15  4.32  1.198    0.576   5.43   4.87   4.40   3.71   3.22   3.15   3.11   3.10   3.18
 1.200  5264.    0.09  4.26  1.342    0.770   4.67   4.20   3.81   3.24   2.85   2.79   2.76   2.76   2.82
 1.300  5754.    0.40  4.14  1.606    0.880   3.79   3.41   3.08   2.63   2.33   2.29   2.27   2.26   2.30
 1.400  6422.    0.70  4.06  1.818    0.938   2.97   2.68   2.43   2.11   1.91   1.88   1.87   1.87   1.87



  t (Gyr) =   0.0200
 M/Ms  Teff     L/Ls   g    R/Rs   Li/Li0    Mv     Mr     Mi     Mj      Mh     Mk     Ml    Mll    Mm 
 0.015  2209.   -3.15  4.09  0.182    1.000  19.45  16.59  14.03  10.47   9.92   9.44   8.98   8.66   8.99
 0.020  2411.   -2.92  4.14  0.200    1.000  17.93  15.32  12.83   9.87   9.38   8.95   8.56   8.27   8.53
 0.030  2555.   -2.84  4.33  0.196    1.000  17.05  14.66  12.26   9.68   9.19   8.80   8.45   8.19   8.40
 0.040  2681.   -2.68  4.38  0.215    1.000  15.80  13.78  11.52   9.28   8.79   8.43   8.10   7.87   8.02
 0.050  2811.   -2.52  4.40  0.235    1.000  14.97  13.06  10.95   8.94   8.45   8.11   7.80   7.59   7.71
 0.060  2883.   -2.41  4.41  0.253    1.000  14.33  12.66  10.60   8.69   8.19   7.87   7.58   7.37   7.48
 0.070  2940.   -2.31  4.41  0.273    1.000  13.86  12.31  10.29   8.47   7.96   7.65   7.37   7.17   7.27
 0.072  2950.   -2.29  4.41  0.277    1.000  13.78  12.25  10.24   8.42   7.92   7.61   7.34   7.14   7.24
 0.075  2964.   -2.27  4.41  0.282    1.000  13.67  12.16  10.16   8.37   7.86   7.55   7.29   7.09   7.19
 0.080  2986.   -2.22  4.41  0.292    1.000  13.49  12.01  10.03   8.26   7.75   7.45   7.19   6.99   7.09
 0.090  3025.   -2.15  4.41  0.308    1.000  13.16  11.74   9.81   8.10   7.59   7.29   7.04   6.85   6.94
 0.100  3059.   -2.10  4.42  0.322    1.000  12.86  11.50   9.63   7.97   7.45   7.16   6.92   6.73   6.82
 0.200  3263.   -1.67  4.41  0.464    0.852  11.19  10.06   8.42   6.98   6.42   6.16   5.96   5.80   5.88
 0.300  3392.   -1.42  4.40  0.569    0.006  10.28   9.24   7.75   6.41   5.82   5.59   5.41   5.27   5.35
 0.400  3500.   -1.25  4.42  0.648    0.000   9.65   8.68   7.30   6.04   5.43   5.21   5.05   4.93   5.01
 0.500  3609.   -1.11  4.43  0.716    0.000   9.08   8.17   6.91   5.73   5.10   4.89   4.74   4.65   4.73
 0.600  3733.   -0.98  4.43  0.777    0.000   8.54   7.69   6.56   5.44   4.80   4.61   4.48   4.40   4.50
 0.700  3894.   -0.85  4.44  0.836    0.000   7.96   7.17   6.21   5.16   4.50   4.33   4.22   4.17   4.28
 0.800  4102.   -0.69  4.43  0.902    0.009   7.39   6.58   5.79   4.82   4.16   4.03   3.95   3.92   4.04
 0.900  4406.   -0.50  4.42  0.973    0.089   6.60   5.88   5.30   4.44   3.83   3.73   3.67   3.66   3.78
 1.000  4793.   -0.28  4.38  1.066    0.308   5.77   5.18   4.71   3.99   3.50   3.42   3.37   3.37   3.45
 1.100  5302.    0.01  4.32  1.208    0.575   4.86   4.40   4.01   3.45   3.07   3.01   2.98   2.98   3.04
 1.200  5911.    0.35  4.20  1.442    0.770   3.88   3.53   3.21   2.80   2.52   2.48   2.47   2.47   2.49
 1.300  6330.    0.41  4.29  1.351    0.880   3.69   3.39   3.12   2.79   2.57   2.54   2.53   2.53   2.54
 1.400  6475.    0.50  4.28  1.426    0.938   3.46   3.18   2.93   2.62   2.42   2.39   2.39   2.39   2.39



  t (Gyr) =   0.0250
 M/Ms  Teff     L/Ls   g    R/Rs   Li/Li0    Mv     Mr     Mi     Mj      Mh     Mk     Ml    Mll    Mm 
 0.015  2181.   -3.20  4.11  0.178    1.000  19.66  16.77  14.21  10.57  10.01   9.52   9.05   8.72   9.07
 0.020  2306.   -3.12  4.26  0.173    1.000  18.93  16.10  13.56  10.33   9.84   9.40   8.99   8.67   9.00
 0.030  2500.   -2.95  4.41  0.179    1.000  17.55  15.15  12.69   9.97   9.47   9.07   8.70   8.43   8.68
 0.040  2655.   -2.76  4.45  0.198    1.000  16.26  14.08  11.80   9.49   9.00   8.64   8.31   8.07   8.24
 0.050  2792.   -2.60  4.47  0.216    1.000  15.28  13.29  11.17   9.14   8.65   8.31   8.00   7.78   7.91
 0.060  2874.   -2.48  4.48  0.233    1.000  14.57  12.86  10.80   8.88   8.38   8.06   7.77   7.56   7.67
 0.070  2935.   -2.38  4.48  0.251    1.000  14.05  12.50  10.48   8.65   8.15   7.83   7.56   7.36   7.46
 0.072  2946.   -2.36  4.48  0.255    1.000  13.97  12.43  10.42   8.61   8.11   7.79   7.52   7.32   7.42
 0.075  2961.   -2.34  4.49  0.259    1.000  13.85  12.34  10.35   8.56   8.05   7.74   7.47   7.27   7.37
 0.080  2985.   -2.30  4.48  0.268    1.000  13.66  12.18  10.21   8.45   7.94   7.64   7.37   7.18   7.27
 0.090  3026.   -2.22  4.48  0.285    0.999  13.30  11.89   9.98   8.28   7.76   7.46   7.21   7.02   7.11
 0.100  3061.   -2.16  4.49  0.297    0.998  12.99  11.64   9.79   8.15   7.62   7.33   7.08   6.90   6.99
 0.200  3276.   -1.73  4.48  0.428    0.346  11.29  10.17   8.56   7.14   6.58   6.33   6.13   5.97   6.04
 0.300  3410.   -1.48  4.47  0.525    0.000  10.37   9.35   7.88   6.57   5.99   5.75   5.57   5.44   5.51
 0.400  3507.   -1.31  4.48  0.603    0.000   9.76   8.80   7.43   6.18   5.59   5.36   5.20   5.08   5.16
 0.500  3604.   -1.18  4.49  0.668    0.000   9.22   8.32   7.07   5.88   5.27   5.05   4.90   4.80   4.89
 0.600  3731.   -1.04  4.49  0.731    0.000   8.66   7.82   6.69   5.58   4.95   4.75   4.61   4.54   4.63
 0.700  3916.   -0.88  4.48  0.795    0.000   8.02   7.23   6.29   5.25   4.59   4.43   4.32   4.27   4.38
 0.800  4186.   -0.69  4.47  0.865    0.006   7.30   6.51   5.79   4.85   4.20   4.08   4.01   3.99   4.11
 0.900  4601.   -0.45  4.44  0.946    0.084   6.33   5.68   5.16   4.37   3.82   3.73   3.68   3.67   3.77
 1.000  5147.   -0.15  4.38  1.064    0.307   5.31   4.82   4.41   3.80   3.39   3.33   3.29   3.28   3.35
 1.100  5796.    0.18  4.30  1.230    0.575   4.33   3.96   3.63   3.19   2.90   2.85   2.84   2.83   2.87
 1.200  6102.    0.22  4.38  1.165    0.770   4.19   3.86   3.57   3.19   2.94   2.91   2.89   2.89   2.91
 1.300  6271.    0.35  4.33  1.286    0.880   3.84   3.53   3.26   2.91   2.69   2.66   2.65   2.64   2.65
 1.400  6622.    0.55  4.27  1.443    0.938   3.33   3.06   2.83   2.55   2.37   2.34   2.34   2.33   2.33



  t (Gyr) =   0.0300
 M/Ms  Teff     L/Ls   g    R/Rs   Li/Li0    Mv     Mr     Mi     Mj      Mh     Mk     Ml    Mll    Mm 
 0.015  2139.   -3.26  4.14  0.173    1.000  19.90  17.01  14.45  10.73  10.14   9.65   9.17   8.83   9.20
 0.020  2184.   -3.29  4.33  0.160    1.000  20.08  17.06  14.48  10.81  10.24   9.76   9.28   8.95   9.32
 0.030  2448.   -3.05  4.46  0.168    1.000  18.13  15.49  13.02  10.16   9.68   9.28   8.90   8.61   8.90
 0.040  2632.   -2.83  4.50  0.186    1.000  16.66  14.33  12.02   9.66   9.17   8.80   8.47   8.23   8.42
 0.050  2755.   -2.68  4.53  0.202    1.000  15.53  13.57  11.41   9.32   8.82   8.48   8.17   7.95   8.09
 0.060  2860.   -2.55  4.53  0.219    1.000  14.80  13.04  10.96   9.03   8.53   8.20   7.91   7.70   7.82
 0.070  2925.   -2.45  4.54  0.235    1.000  14.26  12.68  10.65   8.81   8.31   7.99   7.71   7.51   7.62
 0.072  2936.   -2.43  4.54  0.238    1.000  14.18  12.61  10.59   8.77   8.26   7.95   7.67   7.47   7.58
 0.075  2952.   -2.40  4.54  0.243    1.000  14.05  12.50  10.50   8.70   8.19   7.88   7.61   7.41   7.52
 0.080  2977.   -2.36  4.54  0.251    0.999  13.86  12.35  10.37   8.61   8.10   7.79   7.52   7.33   7.43
 0.090  3020.   -2.28  4.54  0.266    0.997  13.49  12.06  10.14   8.43   7.92   7.62   7.36   7.17   7.27
 0.100  3056.   -2.22  4.55  0.279    0.990  13.16  11.80   9.94   8.29   7.77   7.48   7.23   7.04   7.13
 0.200  3279.   -1.78  4.53  0.401    0.008  11.41  10.29   8.69   7.28   6.72   6.47   6.26   6.11   6.18
 0.300  3413.   -1.54  4.53  0.492    0.000  10.49   9.47   8.02   6.71   6.13   5.89   5.71   5.58   5.65
 0.400  3508.   -1.36  4.53  0.568    0.000   9.87   8.91   7.56   6.31   5.72   5.50   5.33   5.21   5.29
 0.500  3602.   -1.23  4.54  0.632    0.000   9.34   8.43   7.18   6.00   5.40   5.18   5.02   4.92   5.01
 0.600  3739.   -1.08  4.53  0.697    0.000   8.74   7.89   6.78   5.67   5.04   4.85   4.71   4.64   4.73
 0.700  3960.   -0.90  4.52  0.764    0.000   8.00   7.23   6.32   5.30   4.64   4.49   4.39   4.34   4.45
 0.800  4320.   -0.66  4.49  0.840    0.005   7.09   6.34   5.71   4.82   4.19   4.08   4.02   4.01   4.12
 0.900  4848.   -0.37  4.45  0.933    0.083   5.98   5.41   4.95   4.25   3.77   3.69   3.65   3.64   3.72
 1.000  5520.   -0.03  4.39  1.061    0.307   4.91   4.49   4.13   3.63   3.29   3.24   3.21   3.21   3.26
 1.100  5897.    0.07  4.43  1.053    0.575   4.58   4.22   3.90   3.48   3.21   3.17   3.15   3.15   3.18
 1.200  6052.    0.19  4.40  1.142    0.770   4.27   3.93   3.64   3.25   3.00   2.96   2.95   2.94   2.96
 1.300  6335.    0.38  4.33  1.297    0.880   3.77   3.47   3.21   2.87   2.66   2.63   2.62   2.62   2.62
 1.400  6743.    0.56  4.28  1.411    0.938   3.30   3.05   2.83   2.56   2.39   2.37   2.37   2.36   2.36



  t (Gyr) =   0.0400
 M/Ms  Teff     L/Ls   g    R/Rs   Li/Li0    Mv     Mr     Mi     Mj      Mh     Mk     Ml    Mll    Mm 
 0.015  1996.   -3.45  4.21  0.159    1.000  20.78  17.85  15.40  11.24  10.59  10.04   9.47   9.12   9.50
 0.020  2005.   -3.52  4.41  0.146    1.000  20.85  17.94  15.50  11.38  10.74  10.22   9.64   9.30   9.72
 0.030  2366.   -3.18  4.54  0.154    1.000  18.88  16.11  13.58  10.50   9.98   9.58   9.18   8.87   9.22
 0.040  2581.   -2.95  4.59  0.168    1.000  17.37  14.85  12.47   9.96   9.47   9.10   8.75   8.49   8.73
 0.050  2699.   -2.80  4.61  0.184    1.000  15.97  14.02  11.77   9.59   9.08   8.73   8.41   8.18   8.35
 0.060  2830.   -2.65  4.62  0.198    1.000  15.22  13.36  11.26   9.29   8.79   8.46   8.16   7.95   8.08
 0.070  2904.   -2.55  4.63  0.213    0.999  14.62  12.97  10.92   9.05   8.54   8.22   7.94   7.74   7.86
 0.072  2916.   -2.53  4.63  0.216    0.998  14.53  12.89  10.86   9.01   8.50   8.18   7.90   7.70   7.82
 0.075  2933.   -2.50  4.63  0.219    0.996  14.41  12.80  10.77   8.95   8.44   8.13   7.85   7.65   7.77
 0.080  2961.   -2.45  4.63  0.227    0.993  14.19  12.62  10.63   8.84   8.33   8.02   7.75   7.55   7.67
 0.090  3007.   -2.38  4.63  0.241    0.973  13.82  12.33  10.38   8.66   8.14   7.85   7.59   7.39   7.50
 0.100  3046.   -2.31  4.63  0.252    0.906  13.47  12.06  10.18   8.52   8.00   7.71   7.45   7.27   7.37
 0.200  3280.   -1.87  4.62  0.363    0.000  11.61  10.50   8.91   7.50   6.95   6.69   6.48   6.33   6.40
 0.300  3410.   -1.62  4.61  0.447    0.000  10.69   9.68   8.23   6.92   6.35   6.11   5.93   5.79   5.87
 0.400  3509.   -1.44  4.61  0.518    0.000  10.06   9.10   7.75   6.52   5.93   5.70   5.53   5.41   5.49
 0.500  3606.   -1.29  4.60  0.585    0.000   9.49   8.58   7.34   6.17   5.57   5.35   5.19   5.09   5.17
 0.600  3771.   -1.12  4.59  0.653    0.000   8.79   7.95   6.88   5.79   5.17   4.97   4.84   4.77   4.86
 0.700  4084.   -0.88  4.56  0.729    0.000   7.87   7.07   6.27   5.30   4.64   4.51   4.42   4.39   4.51
 0.800  4645.   -0.57  4.52  0.812    0.005   6.59   5.95   5.44   4.67   4.13   4.05   4.00   3.99   4.09
 0.900  5301.   -0.25  4.48  0.899    0.083   5.50   5.04   4.65   4.09   3.71   3.65   3.62   3.62   3.68
 1.000  5570.   -0.15  4.52  0.907    0.307   5.20   4.79   4.44   3.94   3.61   3.57   3.54   3.54   3.58
 1.100  5822.    0.02  4.47  1.014    0.575   4.73   4.35   4.03   3.60   3.31   3.27   3.25   3.25   3.28
 1.200  6090.    0.21  4.39  1.154    0.770   4.22   3.88   3.59   3.21   2.96   2.93   2.92   2.91   2.93
 1.300  6413.    0.40  4.33  1.298    0.880   3.72   3.42   3.17   2.85   2.64   2.61   2.60   2.60   2.61
 1.400  6757.    0.56  4.29  1.400    0.938   3.30   3.05   2.84   2.57   2.41   2.38   2.38   2.38   2.38



  t (Gyr) =   0.0500
 M/Ms  Teff     L/Ls   g    R/Rs   Li/Li0    Mv     Mr     Mi     Mj      Mh     Mk     Ml    Mll    Mm 
 0.015  1760.   -3.74  4.28  0.147    1.000  21.34  18.57  16.43  12.49  11.41  10.61   9.81   9.48   9.88
 0.020  1838.   -3.72  4.46  0.138    1.000  21.24  18.50  16.31  12.24  11.30  10.62   9.89   9.56   9.95
 0.030  2304.   -3.28  4.59  0.145    1.000  19.36  16.42  13.88  10.68  10.20   9.80   9.37   9.06   9.45
 0.040  2525.   -3.05  4.65  0.157    1.000  17.81  15.31  12.86  10.20   9.69   9.32   8.96   8.69   8.97
 0.050  2671.   -2.88  4.67  0.172    1.000  16.47  14.35  12.06   9.78   9.28   8.93   8.60   8.36   8.56
 0.060  2804.   -2.73  4.69  0.184    0.999  15.51  13.60  11.48   9.48   8.97   8.64   8.33   8.12   8.26
 0.070  2882.   -2.63  4.69  0.197    0.992  14.94  13.21  11.14   9.24   8.73   8.41   8.12   7.92   8.05
 0.072  2896.   -2.61  4.70  0.199    0.989  14.83  13.13  11.07   9.20   8.69   8.37   8.08   7.88   8.01
 0.075  2916.   -2.57  4.69  0.204    0.982  14.68  13.02  10.97   9.12   8.61   8.30   8.02   7.82   7.94
 0.080  2945.   -2.53  4.70  0.210    0.960  14.47  12.85  10.83   9.03   8.51   8.20   7.93   7.73   7.85
 0.090  2996.   -2.45  4.69  0.223    0.862  14.08  12.54  10.57   8.83   8.32   8.02   7.76   7.57   7.68
 0.100  3037.   -2.38  4.70  0.234    0.596  13.71  12.26  10.36   8.69   8.17   7.88   7.62   7.44   7.54
 0.200  3280.   -1.94  4.69  0.335    0.000  11.77  10.66   9.08   7.67   7.12   6.87   6.66   6.50   6.58
 0.300  3407.   -1.69  4.68  0.415    0.000  10.85   9.84   8.39   7.09   6.52   6.28   6.09   5.96   6.03
 0.400  3512.   -1.50  4.67  0.483    0.000  10.19   9.23   7.90   6.67   6.08   5.86   5.68   5.57   5.64
 0.500  3617.   -1.34  4.65  0.552    0.000   9.57   8.67   7.45   6.28   5.68   5.47   5.31   5.21   5.29
 0.600  3821.   -1.13  4.62  0.626    0.000   8.75   7.93   6.91   5.84   5.21   5.03   4.90   4.84   4.93
 0.700  4270.   -0.83  4.58  0.708    0.000   7.56   6.79   6.13   5.23   4.59   4.48   4.41   4.40   4.51
 0.800  4938.   -0.49  4.55  0.783    0.005   6.24   5.69   5.25   4.58   4.12   4.05   4.01   4.00   4.08
 0.900  5236.   -0.36  4.58  0.808    0.083   5.81   5.33   4.93   4.35   3.96   3.90   3.87   3.86   3.92
 1.000  5536.   -0.17  4.53  0.902    0.307   5.25   4.83   4.47   3.97   3.63   3.59   3.56   3.56   3.60
 1.100  5833.    0.03  4.46  1.021    0.574   4.70   4.33   4.01   3.58   3.29   3.25   3.23   3.23   3.26
 1.200  6133.    0.23  4.39  1.159    0.770   4.18   3.85   3.56   3.19   2.95   2.91   2.90   2.90   2.91
 1.300  6435.    0.40  4.33  1.293    0.880   3.71   3.42   3.16   2.85   2.64   2.61   2.61   2.60   2.61
 1.400  6759.    0.56  4.29  1.400    0.938   3.30   3.05   2.84   2.57   2.41   2.38   2.38   2.38   2.38



  t (Gyr) =   0.0800
 M/Ms  Teff     L/Ls   g    R/Rs   Li/Li0    Mv     Mr     Mi     Mj      Mh     Mk     Ml    Mll    Mm 
 0.030  2047.   -3.58  4.69  0.130    1.000  20.81  17.92  15.48  11.55  10.89  10.44   9.86   9.52  10.01
 0.040  2387.   -3.26  4.75  0.139    1.000  19.07  16.24  13.71  10.67  10.16   9.79   9.39   9.08   9.47
 0.050  2586.   -3.06  4.79  0.149    0.999  17.68  15.14  12.74  10.22   9.72   9.36   9.01   8.76   9.02
 0.060  2709.   -2.92  4.81  0.159    0.985  16.37  14.38  12.11   9.91   9.40   9.06   8.73   8.50   8.70
 0.070  2829.   -2.78  4.82  0.170    0.864  15.53  13.70  11.59   9.62   9.11   8.78   8.48   8.27   8.42
 0.072  2845.   -2.76  4.82  0.172    0.801  15.43  13.62  11.52   9.58   9.06   8.74   8.44   8.23   8.38
 0.075  2869.   -2.73  4.82  0.175    0.680  15.29  13.51  11.42   9.51   8.99   8.67   8.38   8.18   8.32
 0.080  2905.   -2.69  4.83  0.181    0.407  15.07  13.32  11.26   9.40   8.88   8.57   8.29   8.09   8.23
 0.090  2962.   -2.60  4.83  0.191    0.020  14.65  13.00  10.99   9.21   8.69   8.39   8.12   7.93   8.06
 0.100  3010.   -2.54  4.84  0.200    0.000  14.28  12.72  10.77   9.05   8.53   8.24   7.98   7.79   7.92
 0.200  3275.   -2.08  4.82  0.287    0.000  12.10  10.99   9.41   8.01   7.47   7.21   6.99   6.84   6.92
 0.300  3406.   -1.82  4.81  0.357    0.000  11.16  10.15   8.71   7.42   6.85   6.61   6.42   6.29   6.36
 0.400  3522.   -1.61  4.78  0.424    0.000  10.42   9.47   8.16   6.94   6.37   6.14   5.96   5.85   5.92
 0.500  3668.   -1.40  4.74  0.500    0.000   9.62   8.74   7.58   6.45   5.85   5.64   5.49   5.40   5.48
 0.600  4039.   -1.09  4.68  0.588    0.000   8.40   7.61   6.78   5.80   5.16   5.02   4.92   4.88   4.99
 0.700  4497.   -0.83  4.67  0.641    0.000   7.35   6.66   6.10   5.28   4.70   4.61   4.56   4.55   4.65
 0.800  4830.   -0.61  4.64  0.710    0.005   6.60   6.02   5.55   4.85   4.36   4.29   4.24   4.24   4.32
 0.900  5212.   -0.37  4.58  0.805    0.082   5.84   5.36   4.96   4.37   3.97   3.91   3.88   3.88   3.94
 1.000  5533.   -0.17  4.52  0.908    0.307   5.24   4.82   4.46   3.96   3.62   3.57   3.55   3.55   3.59
 1.100  5876.    0.05  4.46  1.027    0.574   4.65   4.29   3.97   3.55   3.27   3.23   3.21   3.21   3.24
 1.200  6164.    0.24  4.39  1.161    0.770   4.15   3.82   3.54   3.17   2.93   2.90   2.89   2.89   2.90
 1.300  6451.    0.41  4.33  1.293    0.880   3.69   3.41   3.15   2.84   2.64   2.61   2.60   2.60   2.60
 1.400  6766.    0.56  4.29  1.402    0.938   3.30   3.05   2.83   2.57   2.40   2.38   2.38   2.37   2.37



  t (Gyr) =   0.1000
 M/Ms  Teff     L/Ls   g    R/Rs   Li/Li0    Mv     Mr     Mi     Mj      Mh     Mk     Ml    Mll    Mm 
 0.030  1912.   -3.74  4.72  0.125    1.000  21.36  18.47  16.21  12.07  11.25  10.73  10.05   9.71  10.23
 0.040  2311.   -3.36  4.80  0.131    1.000  19.57  16.69  14.14  10.91  10.39  10.02   9.58   9.27   9.69
 0.050  2525.   -3.15  4.84  0.140    0.999  18.19  15.59  13.13  10.45   9.93   9.58   9.21   8.94   9.26
 0.060  2670.   -3.00  4.87  0.149    0.953  16.91  14.73  12.41  10.11   9.59   9.25   8.92   8.68   8.91
 0.070  2794.   -2.87  4.88  0.159    0.587  15.83  13.98  11.83   9.81   9.30   8.97   8.66   8.44   8.61
 0.072  2813.   -2.84  4.88  0.161    0.447  15.70  13.88  11.75   9.76   9.25   8.92   8.61   8.40   8.56
 0.075  2839.   -2.81  4.88  0.164    0.233  15.57  13.76  11.64   9.69   9.18   8.85   8.55   8.35   8.50
 0.080  2879.   -2.76  4.89  0.168    0.028  15.36  13.56  11.48   9.58   9.07   8.75   8.46   8.26   8.40
 0.090  2942.   -2.68  4.89  0.178    0.000  14.94  13.23  11.20   9.39   8.87   8.57   8.30   8.10   8.24
 0.100  2993.   -2.61  4.90  0.186    0.000  14.57  12.94  10.96   9.22   8.71   8.41   8.15   7.96   8.09
 0.200  3272.   -2.14  4.89  0.267    0.000  12.27  11.16   9.58   8.18   7.63   7.37   7.16   7.00   7.08
 0.300  3409.   -1.87  4.86  0.336    0.000  11.28  10.27   8.84   7.55   6.99   6.75   6.56   6.42   6.49
 0.400  3529.   -1.65  4.83  0.402    0.000  10.50   9.56   8.26   7.05   6.48   6.25   6.07   5.96   6.03
 0.500  3705.   -1.41  4.77  0.484    0.000   9.58   8.72   7.60   6.49   5.89   5.69   5.54   5.45   5.54
 0.600  4100.   -1.09  4.71  0.568    0.000   8.38   7.56   6.78   5.83   5.19   5.05   4.96   4.93   5.04
 0.700  4402.   -0.88  4.69  0.629    0.000   7.56   6.83   6.24   5.39   4.78   4.68   4.62   4.61   4.72
 0.800  4826.   -0.61  4.64  0.712    0.005   6.60   6.02   5.55   4.85   4.36   4.28   4.24   4.23   4.31
 0.900  5209.   -0.37  4.58  0.807    0.082   5.84   5.36   4.96   4.37   3.97   3.91   3.88   3.87   3.93
 1.000  5541.   -0.16  4.52  0.910    0.307   5.23   4.81   4.45   3.95   3.61   3.57   3.54   3.54   3.59
 1.100  5886.    0.05  4.45  1.028    0.574   4.64   4.28   3.96   3.54   3.26   3.22   3.21   3.20   3.23
 1.200  6170.    0.24  4.39  1.162    0.770   4.14   3.82   3.53   3.17   2.93   2.90   2.89   2.88   2.90
 1.300  6453.    0.41  4.33  1.294    0.880   3.69   3.40   3.15   2.84   2.64   2.61   2.60   2.60   2.60
 1.400  6766.    0.56  4.29  1.404    0.938   3.29   3.04   2.83   2.56   2.40   2.38   2.37   2.37   2.37



  t (Gyr) =   0.1200
 M/Ms  Teff     L/Ls   g    R/Rs   Li/Li0    Mv     Mr     Mi     Mj      Mh     Mk     Ml    Mll    Mm 
 0.030  1779.   -3.88  4.75  0.121    1.000  21.69  18.75  16.61  12.83  11.76  10.98  10.16   9.83  10.37
 0.040  2225.   -3.46  4.84  0.126    1.000  20.39  17.39  14.81  11.24  10.64  10.23   9.74   9.42   9.86
 0.050  2471.   -3.23  4.88  0.134    0.997  18.66  15.95  13.45  10.63  10.11   9.76   9.37   9.09   9.45
 0.060  2635.   -3.06  4.91  0.142    0.901  17.39  15.02  12.66  10.26   9.74   9.40   9.06   8.82   9.07
 0.070  2757.   -2.94  4.93  0.150    0.244  16.20  14.29  12.08   9.98   9.46   9.13   8.81   8.59   8.78
 0.072  2780.   -2.91  4.93  0.152    0.111  16.01  14.15  11.97   9.92   9.40   9.08   8.76   8.55   8.72
 0.075  2810.   -2.88  4.93  0.155    0.017  15.78  13.97  11.84   9.85   9.33   9.00   8.69   8.48   8.65
 0.080  2853.   -2.83  4.94  0.159    0.000  15.58  13.77  11.67   9.74   9.22   8.90   8.60   8.40   8.55
 0.090  2924.   -2.74  4.94  0.168    0.000  15.18  13.42  11.37   9.53   9.01   8.71   8.43   8.23   8.38
 0.100  2978.   -2.67  4.95  0.176    0.000  14.80  13.12  11.12   9.36   8.84   8.55   8.29   8.09   8.23
 0.200  3270.   -2.19  4.93  0.253    0.000  12.38  11.27   9.69   8.29   7.75   7.49   7.27   7.12   7.20
 0.300  3411.   -1.91  4.90  0.320    0.000  11.37  10.36   8.94   7.65   7.10   6.85   6.66   6.53   6.60
 0.400  3536.   -1.68  4.86  0.387    0.000  10.56   9.62   8.33   7.12   6.55   6.32   6.15   6.04   6.11
 0.500  3727.   -1.42  4.78  0.474    0.000   9.56   8.71   7.61   6.52   5.92   5.71   5.56   5.49   5.57
 0.600  4030.   -1.15  4.73  0.551    0.000   8.54   7.76   6.93   5.95   5.32   5.17   5.07   5.03   5.13
 0.700  4400.   -0.88  4.68  0.631    0.000   7.56   6.83   6.23   5.38   4.78   4.68   4.62   4.60   4.71
 0.800  4825.   -0.61  4.63  0.714    0.005   6.60   6.02   5.55   4.84   4.35   4.28   4.23   4.23   4.31
 0.900  5208.   -0.37  4.58  0.808    0.082   5.84   5.35   4.95   4.37   3.97   3.91   3.87   3.87   3.93
 1.000  5547.   -0.16  4.52  0.911    0.307   5.22   4.80   4.45   3.95   3.61   3.56   3.54   3.54   3.58
 1.100  5889.    0.05  4.45  1.029    0.574   4.63   4.27   3.96   3.54   3.26   3.22   3.20   3.20   3.23
 1.200  6172.    0.24  4.39  1.163    0.770   4.14   3.81   3.53   3.17   2.93   2.89   2.88   2.88   2.90
 1.300  6455.    0.41  4.33  1.296    0.880   3.69   3.40   3.15   2.84   2.63   2.60   2.60   2.60   2.60
 1.400  6767.    0.56  4.29  1.405    0.938   3.29   3.04   2.83   2.56   2.40   2.37   2.37   2.37   2.37



  t (Gyr) =   0.2000
 M/Ms  Teff     L/Ls   g    R/Rs   Li/Li0    Mv     Mr     Mi     Mj      Mh     Mk     Ml    Mll    Mm 
 0.040  1940.   -3.78  4.92  0.115    1.000  21.56  18.56  16.29  12.22  11.39  10.89  10.21   9.86  10.47
 0.050  2268.   -3.48  4.99  0.118    0.986  20.19  17.27  14.71  11.28  10.69  10.32   9.84   9.52   9.99
 0.060  2488.   -3.28  5.03  0.124    0.466  18.76  16.04  13.54  10.76  10.24   9.90   9.52   9.23   9.62
 0.070  2639.   -3.14  5.05  0.130    0.000  17.60  15.22  12.84  10.44   9.92   9.59   9.25   9.00   9.28
 0.072  2664.   -3.11  5.06  0.132    0.000  17.35  15.07  12.73  10.39   9.87   9.54   9.20   8.96   9.22
 0.075  2698.   -3.08  5.06  0.133    0.000  17.01  14.88  12.57  10.31   9.79   9.47   9.14   8.90   9.15
 0.080  2756.   -3.02  5.07  0.137    0.000  16.49  14.52  12.30  10.18   9.66   9.34   9.02   8.80   9.01
 0.090  2853.   -2.91  5.07  0.144    0.000  15.85  14.00  11.88   9.95   9.42   9.11   8.81   8.61   8.78
 0.100  2926.   -2.83  5.07  0.152    0.000  15.45  13.64  11.58   9.75   9.23   8.93   8.65   8.45   8.61
 0.200  3264.   -2.28  5.03  0.227    0.000  12.62  11.51   9.93   8.53   7.99   7.73   7.51   7.36   7.44
 0.300  3414.   -1.98  4.97  0.297    0.000  11.52  10.51   9.10   7.82   7.27   7.02   6.82   6.69   6.76
 0.400  3537.   -1.73  4.91  0.368    0.000  10.66   9.72   8.44   7.24   6.67   6.44   6.26   6.15   6.22
 0.500  3701.   -1.46  4.82  0.456    0.000   9.70   8.84   7.73   6.62   6.03   5.82   5.67   5.58   5.66
 0.600  3981.   -1.17  4.73  0.552    0.000   8.63   7.86   6.98   5.99   5.36   5.20   5.09   5.04   5.15
 0.700  4390.   -0.88  4.68  0.635    0.000   7.56   6.83   6.23   5.38   4.77   4.67   4.61   4.60   4.71
 0.800  4824.   -0.61  4.63  0.717    0.004   6.59   6.01   5.54   4.83   4.34   4.27   4.22   4.22   4.30
 0.900  5207.   -0.37  4.57  0.811    0.082   5.83   5.35   4.95   4.36   3.96   3.90   3.87   3.86   3.92
 1.000  5567.   -0.15  4.52  0.914    0.307   5.19   4.78   4.42   3.93   3.60   3.55   3.53   3.52   3.57
 1.100  5895.    0.06  4.45  1.032    0.574   4.62   4.26   3.95   3.53   3.25   3.21   3.20   3.19   3.22
 1.200  6177.    0.24  4.38  1.167    0.770   4.13   3.80   3.52   3.16   2.92   2.89   2.88   2.87   2.89
 1.300  6456.    0.42  4.32  1.302    0.880   3.68   3.39   3.14   2.83   2.63   2.60   2.59   2.59   2.59
 1.400  6766.    0.57  4.28  1.416    0.938   3.27   3.02   2.81   2.55   2.38   2.36   2.35   2.35   2.35



  t (Gyr) =   0.3000
 M/Ms  Teff     L/Ls   g    R/Rs   Li/Li0    Mv     Mr     Mi     Mj      Mh     Mk     Ml    Mll    Mm 
 0.040  1667.   -4.09  4.97  0.109    1.000  22.39  19.15  17.04  13.67  12.45  11.48  10.49  10.15  10.82
 0.050  2063.   -3.72  5.06  0.109    0.970  21.30  18.19  15.80  11.95  11.25  10.85  10.22   9.88  10.51
 0.060  2331.   -3.48  5.11  0.113    0.084  19.93  16.97  14.41  11.21  10.68  10.35   9.89   9.58  10.09
 0.070  2519.   -3.31  5.14  0.118    0.000  18.66  16.01  13.53  10.83  10.30   9.98   9.60   9.32   9.72
 0.072  2552.   -3.28  5.14  0.119    0.000  18.46  15.85  13.38  10.77  10.24   9.91   9.54   9.27   9.64
 0.075  2594.   -3.24  5.15  0.120    0.000  18.20  15.63  13.19  10.68  10.15   9.83   9.47   9.21   9.54
 0.080  2660.   -3.17  5.16  0.123    0.000  17.59  15.24  12.88  10.53  10.01   9.69   9.35   9.10   9.39
 0.090  2782.   -3.04  5.16  0.130    0.000  16.47  14.51  12.31  10.25   9.73   9.41   9.10   8.88   9.09
 0.100  2874.   -2.94  5.16  0.138    0.000  15.93  14.05  11.93  10.02   9.50   9.20   8.90   8.70   8.88
 0.200  3261.   -2.32  5.05  0.220    0.000  12.70  11.59  10.01   8.61   8.07   7.81   7.58   7.43   7.51
 0.300  3415.   -1.99  4.98  0.293    0.000  11.54  10.54   9.13   7.85   7.30   7.05   6.85   6.72   6.79
 0.400  3528.   -1.73  4.91  0.367    0.000  10.69   9.75   8.46   7.25   6.68   6.45   6.27   6.16   6.23
 0.500  3689.   -1.46  4.81  0.459    0.000   9.73   8.86   7.73   6.62   6.03   5.82   5.66   5.58   5.66
 0.600  3971.   -1.17  4.73  0.554    0.000   8.64   7.87   6.99   5.99   5.36   5.20   5.08   5.04   5.14
 0.700  4388.   -0.88  4.67  0.637    0.000   7.56   6.83   6.23   5.37   4.76   4.66   4.60   4.59   4.70
 0.800  4822.   -0.61  4.63  0.718    0.004   6.59   6.00   5.54   4.83   4.34   4.26   4.22   4.21   4.30
 0.900  5209.   -0.37  4.57  0.813    0.081   5.82   5.34   4.94   4.35   3.95   3.89   3.86   3.86   3.92
 1.000  5572.   -0.14  4.51  0.917    0.307   5.18   4.77   4.42   3.92   3.59   3.54   3.52   3.52   3.56
 1.100  5898.    0.06  4.45  1.035    0.574   4.61   4.25   3.94   3.52   3.24   3.20   3.19   3.19   3.21
 1.200  6179.    0.25  4.38  1.173    0.770   4.11   3.79   3.51   3.15   2.91   2.87   2.87   2.86   2.88
 1.300  6456.    0.42  4.32  1.310    0.880   3.66   3.38   3.12   2.81   2.61   2.58   2.57   2.57   2.58
 1.400  6761.    0.58  4.27  1.429    0.938   3.26   3.01   2.79   2.53   2.36   2.34   2.34   2.33   2.33



  t (Gyr) =   0.4000
 M/Ms  Teff     L/Ls   g    R/Rs   Li/Li0    Mv     Mr     Mi     Mj      Mh     Mk     Ml    Mll    Mm 
 0.050  1836.   -3.96  5.10  0.105    0.957  21.95  18.78  16.56  12.80  11.85  11.23  10.46  10.12  10.81
 0.060  2207.   -3.62  5.16  0.107    0.011  21.00  17.82  15.26  11.69  11.07  10.71  10.15   9.82  10.39
 0.070  2419.   -3.43  5.20  0.111    0.000  19.50  16.63  14.08  11.12  10.59  10.27   9.85   9.55  10.06
 0.072  2457.   -3.40  5.20  0.112    0.000  19.19  16.42  13.90  11.04  10.51  10.19   9.78   9.49   9.97
 0.075  2508.   -3.35  5.21  0.113    0.000  18.80  16.16  13.66  10.94  10.40  10.09   9.70   9.42   9.85
 0.080  2594.   -3.27  5.21  0.116    0.000  18.30  15.72  13.28  10.75  10.22   9.91   9.55   9.29   9.63
 0.090  2726.   -3.13  5.21  0.123    0.000  17.09  14.91  12.63  10.44   9.93   9.61   9.29   9.06   9.31
 0.100  2844.   -3.00  5.20  0.131    0.000  16.17  14.26  12.12  10.16   9.63   9.33   9.03   8.82   9.01
 0.200  3260.   -2.32  5.06  0.219    0.000  12.72  11.60  10.02   8.62   8.08   7.82   7.60   7.45   7.53
 0.300  3415.   -1.99  4.98  0.292    0.000  11.54  10.54   9.13   7.85   7.30   7.05   6.86   6.72   6.79
 0.400  3526.   -1.73  4.91  0.369    0.000  10.69   9.75   8.45   7.24   6.68   6.44   6.27   6.15   6.22
 0.500  3685.   -1.46  4.81  0.460    0.000   9.73   8.87   7.73   6.62   6.02   5.81   5.66   5.57   5.65
 0.600  3969.   -1.17  4.73  0.555    0.000   8.64   7.87   6.98   5.99   5.36   5.19   5.08   5.04   5.14
 0.700  4387.   -0.87  4.67  0.638    0.000   7.56   6.83   6.23   5.37   4.76   4.66   4.60   4.59   4.70
 0.800  4821.   -0.61  4.63  0.720    0.004   6.59   6.00   5.53   4.83   4.33   4.26   4.22   4.21   4.29
 0.900  5210.   -0.36  4.57  0.814    0.081   5.82   5.34   4.93   4.35   3.95   3.89   3.86   3.85   3.91
 1.000  5574.   -0.14  4.51  0.919    0.307   5.17   4.76   4.41   3.92   3.58   3.54   3.52   3.51   3.56
 1.100  5901.    0.06  4.44  1.040    0.574   4.60   4.24   3.93   3.51   3.23   3.19   3.18   3.17   3.20
 1.200  6181.    0.25  4.37  1.180    0.770   4.10   3.78   3.49   3.13   2.90   2.86   2.85   2.85   2.86
 1.300  6453.    0.43  4.31  1.318    0.880   3.65   3.36   3.11   2.80   2.60   2.57   2.56   2.56   2.56
 1.400  6750.    0.58  4.27  1.442    0.938   3.25   2.99   2.78   2.51   2.35   2.32   2.32   2.32   2.31



  t (Gyr) =   0.5000
 M/Ms  Teff     L/Ls   g    R/Rs   Li/Li0    Mv     Mr     Mi     Mj      Mh     Mk     Ml    Mll    Mm 
 0.050  1698.   -4.12  5.12  0.102    0.947  22.44  19.13  16.98  13.61  12.44  11.53  10.61  10.26  10.95
 0.060  2082.   -3.76  5.19  0.103    0.001  21.43  18.20  15.73  11.96  11.33  11.00  10.36  10.01  10.71
 0.070  2335.   -3.53  5.23  0.106    0.000  20.11  17.06  14.50  11.32  10.81  10.51  10.03   9.72  10.30
 0.072  2378.   -3.49  5.24  0.107    0.000  19.86  16.88  14.32  11.25  10.72  10.42   9.97   9.66  10.22
 0.075  2435.   -3.44  5.25  0.108    0.000  19.44  16.60  14.06  11.15  10.61  10.30   9.88   9.58  10.10
 0.080  2539.   -3.34  5.25  0.112    0.000  18.66  16.05  13.57  10.92  10.39  10.07   9.69   9.42   9.83
 0.090  2696.   -3.18  5.24  0.119    0.000  17.42  15.11  12.80  10.54  10.03   9.72   9.39   9.15   9.42
 0.100  2828.   -3.03  5.22  0.128    0.000  16.31  14.38  12.22  10.23   9.70   9.40   9.09   8.88   9.08
 0.200  3260.   -2.32  5.06  0.219    0.000  12.72  11.60  10.02   8.62   8.08   7.82   7.60   7.45   7.53
 0.300  3415.   -1.99  4.98  0.292    0.000  11.54  10.54   9.13   7.85   7.30   7.05   6.86   6.72   6.79
 0.400  3524.   -1.73  4.90  0.370    0.000  10.69   9.74   8.44   7.24   6.67   6.44   6.26   6.14   6.21
 0.500  3682.   -1.46  4.81  0.461    0.000   9.74   8.87   7.73   6.61   6.02   5.81   5.66   5.57   5.65
 0.600  3968.   -1.17  4.73  0.556    0.000   8.64   7.87   6.98   5.98   5.35   5.19   5.08   5.03   5.13
 0.700  4386.   -0.87  4.67  0.639    0.000   7.56   6.82   6.22   5.36   4.76   4.66   4.60   4.58   4.69
 0.800  4821.   -0.60  4.62  0.721    0.003   6.59   6.00   5.53   4.82   4.33   4.26   4.21   4.21   4.29
 0.900  5211.   -0.36  4.57  0.816    0.080   5.81   5.33   4.93   4.34   3.94   3.88   3.85   3.85   3.91
 1.000  5576.   -0.14  4.51  0.921    0.307   5.17   4.75   4.40   3.91   3.58   3.53   3.51   3.51   3.55
 1.100  5904.    0.07  4.44  1.044    0.574   4.59   4.23   3.92   3.50   3.22   3.18   3.17   3.17   3.20
 1.200  6182.    0.26  4.37  1.185    0.770   4.09   3.77   3.48   3.12   2.89   2.85   2.84   2.84   2.85
 1.300  6451.    0.43  4.31  1.326    0.880   3.64   3.35   3.10   2.79   2.59   2.56   2.55   2.55   2.55
 1.400  6742.    0.59  4.26  1.455    0.938   3.23   2.98   2.76   2.49   2.33   2.30   2.30   2.30   2.30



  t (Gyr) =   0.6250
 M/Ms  Teff     L/Ls   g    R/Rs   Li/Li0    Mv     Mr     Mi     Mj      Mh     Mk     Ml    Mll    Mm 
 0.050  1555.   -4.29  5.14  0.100    0.938  23.37  19.69  17.44  14.14  12.92  12.00  11.01  10.63  11.27
 0.060  1908.   -3.94  5.22  0.099    0.000  21.97  18.71  16.40  12.56  11.79  11.32  10.58  10.22  10.95
 0.070  2248.   -3.63  5.27  0.101    0.000  20.85  17.64  15.08  11.66  11.10  10.78  10.23   9.90  10.53
 0.072  2301.   -3.58  5.27  0.103    0.000  20.39  17.25  14.68  11.42  10.93  10.63  10.13   9.81  10.44
 0.075  2370.   -3.52  5.28  0.104    0.000  19.97  16.95  14.39  11.31  10.78  10.48  10.02   9.72  10.30
 0.080  2485.   -3.41  5.28  0.108    0.000  19.04  16.37  13.86  11.08  10.54  10.23   9.83   9.54  10.02
 0.090  2671.   -3.21  5.26  0.116    0.000  17.69  15.30  12.95  10.63  10.11   9.80   9.46   9.22   9.51
 0.100  2817.   -3.05  5.23  0.127    0.000  16.40  14.45  12.28  10.28   9.74   9.44   9.13   8.92   9.12
 0.200  3260.   -2.32  5.06  0.218    0.000  12.72  11.60  10.02   8.62   8.08   7.82   7.60   7.45   7.53
 0.300  3415.   -1.99  4.98  0.292    0.000  11.54  10.54   9.13   7.85   7.30   7.05   6.85   6.72   6.79
 0.400  3522.   -1.72  4.90  0.372    0.000  10.69   9.74   8.44   7.23   6.66   6.43   6.25   6.13   6.20
 0.500  3681.   -1.46  4.81  0.462    0.000   9.74   8.87   7.73   6.61   6.02   5.81   5.65   5.57   5.65
 0.600  3969.   -1.17  4.72  0.557    0.000   8.64   7.86   6.98   5.98   5.35   5.19   5.07   5.03   5.13
 0.700  4385.   -0.87  4.67  0.640    0.000   7.56   6.82   6.22   5.36   4.75   4.65   4.59   4.58   4.69
 0.800  4821.   -0.60  4.62  0.722    0.003   6.58   5.99   5.53   4.82   4.33   4.25   4.21   4.20   4.29
 0.900  5213.   -0.36  4.57  0.818    0.080   5.81   5.32   4.92   4.34   3.94   3.88   3.85   3.84   3.90
 1.000  5580.   -0.14  4.51  0.923    0.307   5.16   4.74   4.39   3.90   3.57   3.53   3.50   3.50   3.54
 1.100  5907.    0.07  4.44  1.048    0.574   4.58   4.22   3.91   3.49   3.21   3.17   3.16   3.16   3.19
 1.200  6183.    0.26  4.36  1.193    0.770   4.07   3.75   3.47   3.11   2.87   2.84   2.83   2.82   2.84
 1.300  6446.    0.44  4.30  1.338    0.880   3.62   3.34   3.08   2.77   2.57   2.54   2.53   2.53   2.53
 1.400  6727.    0.59  4.25  1.474    0.938   3.21   2.96   2.74   2.47   2.30   2.28   2.27   2.27   2.27



  t (Gyr) =   0.8000
 M/Ms  Teff     L/Ls   g    R/Rs   Li/Li0    Mv     Mr     Mi     Mj      Mh     Mk     Ml    Mll    Mm 
 0.060  1716.   -4.15  5.25  0.096    0.000  22.54  19.13  16.93  13.58  12.49  11.66  10.77  10.44  11.11
 0.070  2136.   -3.75  5.30  0.098    0.000  21.47  18.15  15.62  11.96  11.36  11.06  10.43  10.08  10.81
 0.072  2212.   -3.69  5.31  0.099    0.000  21.21  17.93  15.39  11.88  11.27  10.94  10.34  10.01  10.67
 0.075  2294.   -3.61  5.31  0.100    0.000  20.52  17.33  14.76  11.48  10.99  10.70  10.19   9.87  10.52
 0.080  2436.   -3.47  5.30  0.105    0.000  19.50  16.66  14.12  11.21  10.67  10.37   9.94   9.65  10.19
 0.090  2656.   -3.24  5.27  0.115    0.000  17.85  15.41  13.05  10.68  10.16   9.85   9.51   9.26   9.57
 0.100  2812.   -3.06  5.24  0.126    0.000  16.44  14.49  12.31  10.30   9.76   9.46   9.15   8.94   9.14
 0.200  3260.   -2.32  5.06  0.218    0.000  12.72  11.60  10.02   8.62   8.08   7.82   7.60   7.45   7.53
 0.300  3415.   -1.99  4.98  0.293    0.000  11.54  10.54   9.13   7.85   7.30   7.05   6.85   6.72   6.79
 0.400  3521.   -1.72  4.89  0.374    0.000  10.68   9.73   8.43   7.22   6.65   6.42   6.24   6.12   6.20
 0.500  3680.   -1.46  4.81  0.463    0.000   9.74   8.87   7.73   6.61   6.02   5.81   5.65   5.56   5.64
 0.600  3968.   -1.17  4.72  0.558    0.000   8.63   7.86   6.98   5.98   5.35   5.18   5.07   5.03   5.13
 0.700  4386.   -0.87  4.67  0.641    0.000   7.55   6.82   6.22   5.36   4.75   4.65   4.59   4.58   4.69
 0.800  4823.   -0.60  4.62  0.724    0.003   6.57   5.99   5.52   4.81   4.32   4.25   4.20   4.20   4.28
 0.900  5216.   -0.36  4.56  0.820    0.079   5.80   5.32   4.92   4.33   3.93   3.87   3.84   3.84   3.90
 1.000  5586.   -0.13  4.50  0.927    0.306   5.14   4.73   4.38   3.89   3.56   3.51   3.49   3.49   3.53
 1.100  5910.    0.08  4.43  1.054    0.574   4.57   4.21   3.89   3.48   3.20   3.16   3.15   3.14   3.17
 1.200  6184.    0.27  4.36  1.202    0.770   4.06   3.73   3.45   3.09   2.85   2.82   2.81   2.81   2.82
 1.300  6442.    0.45  4.29  1.356    0.880   3.60   3.31   3.06   2.74   2.54   2.51   2.50   2.50   2.50
 1.400  6705.    0.61  4.23  1.502    0.938   3.19   2.93   2.71   2.44   2.27   2.24   2.24   2.23   2.23



  t (Gyr) =   1.0000
 M/Ms  Teff     L/Ls   g    R/Rs   Li/Li0    Mv     Mr     Mi     Mj      Mh     Mk     Ml    Mll    Mm 
 0.060  1584.   -4.30  5.26  0.095    0.000  23.39  19.71  17.46  14.18  12.98  12.06  11.10  10.75  11.33
 0.070  2047.   -3.85  5.33  0.095    0.000  21.76  18.40  15.95  12.23  11.58  11.24  10.56  10.21  10.94
 0.072  2109.   -3.79  5.33  0.096    0.000  21.58  18.23  15.70  11.99  11.41  11.14  10.50  10.14  10.91
 0.075  2243.   -3.67  5.33  0.098    0.000  20.99  17.73  15.17  11.76  11.20  10.88  10.31   9.99  10.65
 0.080  2400.   -3.51  5.32  0.103    0.000  19.85  16.87  14.31  11.31  10.76  10.47  10.03   9.72  10.31
 0.090  2648.   -3.25  5.28  0.114    0.000  17.94  15.48  13.10  10.71  10.19   9.88   9.53   9.29   9.60
 0.100  2810.   -3.06  5.24  0.125    0.000  16.46  14.50  12.32  10.30   9.77   9.47   9.16   8.94   9.15
 0.200  3261.   -2.32  5.06  0.219    0.000  12.72  11.60  10.02   8.62   8.08   7.82   7.60   7.45   7.53
 0.300  3415.   -1.99  4.98  0.293    0.000  11.54  10.53   9.13   7.85   7.29   7.05   6.85   6.72   6.79
 0.400  3520.   -1.72  4.89  0.375    0.000  10.68   9.73   8.43   7.21   6.65   6.41   6.23   6.12   6.19
 0.500  3680.   -1.46  4.80  0.463    0.000   9.73   8.87   7.73   6.61   6.01   5.80   5.65   5.56   5.64
 0.600  3967.   -1.16  4.72  0.559    0.000   8.63   7.86   6.97   5.97   5.34   5.18   5.07   5.02   5.12
 0.700  4387.   -0.87  4.67  0.642    0.000   7.55   6.81   6.21   5.35   4.75   4.64   4.58   4.57   4.68
 0.800  4826.   -0.60  4.62  0.725    0.002   6.57   5.98   5.51   4.81   4.32   4.24   4.20   4.19   4.28
 0.900  5220.   -0.35  4.56  0.822    0.078   5.79   5.31   4.91   4.32   3.92   3.87   3.83   3.83   3.89
 1.000  5592.   -0.13  4.50  0.931    0.306   5.13   4.72   4.37   3.88   3.55   3.50   3.48   3.48   3.52
 1.100  5916.    0.09  4.43  1.062    0.574   4.54   4.18   3.87   3.46   3.18   3.14   3.13   3.13   3.15
 1.200  6187.    0.28  4.35  1.214    0.770   4.03   3.71   3.43   3.07   2.83   2.80   2.79   2.79   2.80
 1.300  6438.    0.46  4.28  1.374    0.880   3.57   3.28   3.03   2.71   2.51   2.48   2.47   2.47   2.48
 1.400  6684.    0.62  4.21  1.533    0.938   3.16   2.90   2.67   2.40   2.23   2.20   2.20   2.19   2.19



  t (Gyr) =   2.0000
 M/Ms  Teff     L/Ls   g    R/Rs   Li/Li0    Mv     Mr     Mi     Mj      Mh     Mk     Ml    Mll    Mm 
 0.070  1720.   -4.19  5.36  0.091    0.000  22.68  19.16  16.92  13.62  12.58  11.79  10.94  10.60  11.26
 0.072  1811.   -4.09  5.37  0.092    0.000  22.38  18.92  16.60  13.09  12.24  11.64  10.83  10.49  11.19
 0.075  2083.   -3.84  5.37  0.094    0.000  21.72  18.33  15.82  12.11  11.51  11.24  10.58  10.21  11.00
 0.080  2348.   -3.57  5.34  0.100    0.000  20.21  17.12  14.55  11.41  10.90  10.62  10.14   9.83  10.46
 0.090  2643.   -3.25  5.28  0.113    0.000  17.99  15.51  13.13  10.73  10.20   9.89   9.55   9.30   9.61
 0.100  2810.   -3.06  5.24  0.125    0.000  16.46  14.50  12.32  10.31   9.77   9.47   9.16   8.95   9.15
 0.200  3261.   -2.32  5.06  0.219    0.000  12.72  11.60  10.02   8.62   8.08   7.82   7.60   7.45   7.53
 0.300  3415.   -1.98  4.97  0.295    0.000  11.52  10.52   9.11   7.83   7.28   7.03   6.84   6.70   6.77
 0.400  3519.   -1.71  4.89  0.377    0.000  10.67   9.72   8.41   7.20   6.63   6.40   6.22   6.10   6.18
 0.500  3679.   -1.45  4.80  0.466    0.000   9.73   8.86   7.71   6.59   6.00   5.79   5.64   5.55   5.63
 0.600  3969.   -1.16  4.72  0.561    0.000   8.62   7.84   6.96   5.96   5.33   5.17   5.06   5.01   5.11
 0.700  4396.   -0.86  4.66  0.646    0.000   7.52   6.79   6.19   5.34   4.73   4.63   4.57   4.56   4.67
 0.800  4842.   -0.59  4.61  0.731    0.001   6.52   5.95   5.48   4.78   4.29   4.22   4.18   4.17   4.25
 0.900  5244.   -0.33  4.55  0.833    0.073   5.73   5.26   4.86   4.28   3.89   3.83   3.80   3.79   3.85
 1.000  5627.   -0.10  4.48  0.951    0.306   5.05   4.64   4.30   3.82   3.50   3.45   3.43   3.43   3.47
 1.100  5945.    0.13  4.40  1.101    0.574   4.44   4.09   3.78   3.37   3.10   3.06   3.05   3.04   3.07
 1.200  6202.    0.33  4.30  1.284    0.770   3.90   3.58   3.30   2.94   2.71   2.67   2.66   2.66   2.67
 1.300  6403.    0.52  4.20  1.493    0.880   3.42   3.12   2.87   2.55   2.34   2.31   2.30   2.30   2.30
 1.400  6464.    0.68  4.09  1.765    0.938   3.01   2.72   2.47   2.16   1.97   1.94   1.93   1.93   1.93



  t (Gyr) =   3.0000
 M/Ms  Teff     L/Ls   g    R/Rs   Li/Li0    Mv     Mr     Mi     Mj      Mh     Mk     Ml    Mll    Mm 
 0.070  1650.   -4.27  5.37  0.091    0.000  23.35  19.66  17.36  13.98  12.86  12.02  11.13  10.72  11.43
 0.072  1793.   -4.11  5.37  0.092    0.000  22.43  18.96  16.66  13.19  12.31  11.67  10.86  10.52  11.20
 0.075  2052.   -3.87  5.38  0.093    0.000  21.83  18.42  15.95  12.25  11.62  11.30  10.62  10.26  11.02
 0.080  2343.   -3.58  5.34  0.100    0.000  20.25  17.14  14.57  11.42  10.92  10.63  10.15   9.84  10.48
 0.090  2644.   -3.25  5.28  0.113    0.000  17.98  15.51  13.12  10.72  10.20   9.89   9.55   9.30   9.61
 0.100  2810.   -3.06  5.24  0.125    0.000  16.46  14.50  12.32  10.30   9.77   9.47   9.16   8.94   9.15
 0.200  3261.   -2.32  5.06  0.219    0.000  12.71  11.60  10.02   8.62   8.08   7.82   7.59   7.44   7.53
 0.300  3416.   -1.97  4.97  0.297    0.000  11.51  10.50   9.09   7.81   7.26   7.02   6.82   6.69   6.75
 0.400  3520.   -1.71  4.88  0.378    0.000  10.66   9.71   8.41   7.19   6.63   6.39   6.21   6.10   6.17
 0.500  3679.   -1.45  4.80  0.468    0.000   9.72   8.85   7.71   6.59   5.99   5.78   5.63   5.54   5.62
 0.600  3974.   -1.15  4.71  0.563    0.000   8.60   7.83   6.95   5.95   5.32   5.16   5.05   5.00   5.10
 0.700  4407.   -0.85  4.66  0.648    0.000   7.49   6.76   6.17   5.32   4.72   4.62   4.56   4.55   4.65
 0.800  4859.   -0.57  4.61  0.736    0.001   6.48   5.91   5.45   4.75   4.27   4.20   4.16   4.15   4.23
 0.900  5270.   -0.31  4.54  0.845    0.070   5.67   5.20   4.81   4.24   3.85   3.79   3.76   3.76   3.82
 1.000  5661.   -0.06  4.46  0.974    0.306   4.96   4.56   4.22   3.75   3.43   3.39   3.37   3.37   3.41
 1.100  5974.    0.17  4.36  1.152    0.574   4.32   3.97   3.66   3.26   3.00   2.96   2.94   2.94   2.97
 1.200  6191.    0.39  4.24  1.377    0.770   3.76   3.43   3.16   2.80   2.56   2.53   2.52   2.51   2.53
 1.300  6177.    0.56  4.10  1.685    0.880   3.33   3.01   2.73   2.36   2.13   2.09   2.08   2.08   2.09



  t (Gyr) =   4.0000
 M/Ms  Teff     L/Ls   g    R/Rs   Li/Li0    Mv     Mr     Mi     Mj      Mh     Mk     Ml    Mll    Mm 
 0.070  1631.   -4.29  5.37  0.090    0.000  23.39  19.69  17.41  14.07  12.93  12.06  11.15  10.77  11.42
 0.072  1790.   -4.12  5.37  0.092    0.000  22.44  18.97  16.67  13.21  12.33  11.68  10.86  10.52  11.21
 0.075  2041.   -3.88  5.38  0.092    0.000  21.86  18.45  15.99  12.30  11.65  11.32  10.63  10.28  11.03
 0.080  2343.   -3.58  5.34  0.100    0.000  20.25  17.14  14.57  11.42  10.92  10.64  10.15   9.84  10.48
 0.090  2644.   -3.25  5.28  0.113    0.000  17.98  15.51  13.12  10.72  10.20   9.89   9.54   9.30   9.61
 0.100  2811.   -3.06  5.24  0.125    0.000  16.46  14.50  12.32  10.30   9.77   9.47   9.16   8.94   9.15
 0.200  3262.   -2.32  5.06  0.219    0.000  12.71  11.59  10.02   8.62   8.07   7.81   7.59   7.44   7.52
 0.300  3416.   -1.97  4.96  0.299    0.000  11.49  10.49   9.08   7.80   7.24   7.00   6.80   6.67   6.74
 0.400  3520.   -1.71  4.88  0.379    0.000  10.65   9.70   8.40   7.19   6.62   6.39   6.21   6.09   6.16
 0.500  3680.   -1.45  4.79  0.469    0.000   9.71   8.84   7.70   6.58   5.99   5.78   5.62   5.53   5.62
 0.600  3979.   -1.15  4.71  0.565    0.000   8.58   7.81   6.94   5.94   5.31   5.15   5.04   4.99   5.10
 0.700  4418.   -0.85  4.66  0.651    0.000   7.46   6.74   6.15   5.30   4.70   4.60   4.54   4.53   4.64
 0.800  4878.   -0.56  4.60  0.742    0.000   6.44   5.87   5.42   4.73   4.25   4.18   4.14   4.13   4.21
 0.900  5297.   -0.29  4.53  0.857    0.068   5.61   5.15   4.76   4.19   3.81   3.76   3.73   3.72   3.78
 1.000  5697.   -0.03  4.44  1.002    0.306   4.87   4.48   4.14   3.68   3.36   3.32   3.30   3.30   3.34
 1.100  5996.    0.23  4.31  1.214    0.574   4.19   3.84   3.54   3.14   2.88   2.84   2.83   2.82   2.85
 1.200  6053.    0.43  4.16  1.503    0.770   3.68   3.34   3.04   2.66   2.40   2.37   2.35   2.35   2.37



  t (Gyr) =   5.0000
 M/Ms  Teff     L/Ls   g    R/Rs   Li/Li0    Mv     Mr     Mi     Mj      Mh     Mk     Ml    Mll    Mm 
 0.070  1627.   -4.30  5.37  0.090    0.000  23.40  19.70  17.43  14.09  12.94  12.07  11.15  10.78  11.42
 0.072  1790.   -4.12  5.37  0.092    0.000  22.44  18.97  16.67  13.22  12.33  11.68  10.86  10.52  11.21
 0.075  2038.   -3.89  5.38  0.092    0.000  21.88  18.46  16.00  12.31  11.67  11.33  10.64  10.28  11.03
 0.080  2343.   -3.58  5.34  0.100    0.000  20.25  17.14  14.57  11.42  10.92  10.64  10.15   9.84  10.48
 0.090  2644.   -3.25  5.28  0.113    0.000  17.98  15.50  13.12  10.72  10.20   9.89   9.54   9.30   9.61
 0.100  2811.   -3.06  5.24  0.125    0.000  16.46  14.50  12.31  10.30   9.77   9.47   9.16   8.94   9.15
 0.200  3262.   -2.32  5.06  0.219    0.000  12.70  11.59  10.01   8.61   8.07   7.81   7.59   7.44   7.52
 0.300  3416.   -1.96  4.96  0.301    0.000  11.48  10.48   9.06   7.78   7.23   6.99   6.79   6.66   6.73
 0.400  3521.   -1.71  4.88  0.380    0.000  10.64   9.70   8.39   7.18   6.61   6.38   6.20   6.09   6.16
 0.500  3682.   -1.44  4.79  0.470    0.000   9.70   8.83   7.69   6.57   5.98   5.77   5.61   5.53   5.61
 0.600  3984.   -1.15  4.71  0.567    0.000   8.56   7.79   6.92   5.93   5.30   5.14   5.03   4.98   5.09
 0.700  4430.   -0.84  4.65  0.654    0.000   7.43   6.71   6.13   5.29   4.69   4.59   4.53   4.52   4.63
 0.800  4896.   -0.55  4.59  0.748    0.000   6.40   5.84   5.38   4.70   4.23   4.16   4.11   4.11   4.19
 0.900  5325.   -0.27  4.51  0.870    0.066   5.54   5.09   4.70   4.15   3.77   3.72   3.69   3.68   3.74
 1.000  5732.    0.01  4.41  1.036    0.306   4.76   4.38   4.04   3.59   3.28   3.24   3.22   3.22   3.26
 1.100  5971.    0.27  4.26  1.292    0.574   4.07   3.72   3.42   3.01   2.75   2.71   2.70   2.69   2.72



  t (Gyr) =   8.0000
 M/Ms  Teff     L/Ls   g    R/Rs   Li/Li0    Mv     Mr     Mi     Mj      Mh     Mk     Ml    Mll    Mm 
 0.070  1626.   -4.30  5.37  0.090    0.000  23.40  19.71  17.43  14.09  12.94  12.07  11.16  10.79  11.42
 0.072  1789.   -4.12  5.37  0.092    0.000  22.44  18.97  16.67  13.22  12.33  11.68  10.86  10.52  11.21
 0.075  2036.   -3.89  5.38  0.092    0.000  21.88  18.46  16.01  12.32  11.67  11.33  10.64  10.29  11.04
 0.080  2344.   -3.58  5.34  0.100    0.000  20.24  17.14  14.56  11.42  10.92  10.63  10.15   9.84  10.47
 0.090  2645.   -3.25  5.28  0.114    0.000  17.97  15.50  13.12  10.72  10.20   9.89   9.54   9.30   9.61
 0.100  2812.   -3.06  5.24  0.125    0.000  16.45  14.49  12.31  10.30   9.77   9.46   9.15   8.94   9.15
 0.200  3264.   -2.31  5.05  0.221    0.000  12.69  11.57  10.00   8.60   8.06   7.80   7.57   7.42   7.51
 0.300  3416.   -1.95  4.95  0.305    0.000  11.45  10.45   9.04   7.76   7.20   6.96   6.76   6.63   6.70
 0.400  3522.   -1.70  4.87  0.382    0.000  10.63   9.68   8.38   7.17   6.60   6.37   6.19   6.07   6.14
 0.500  3686.   -1.44  4.79  0.473    0.000   9.67   8.81   7.67   6.56   5.96   5.75   5.60   5.51   5.59
 0.600  4001.   -1.13  4.70  0.571    0.000   8.51   7.75   6.89   5.90   5.26   5.11   5.00   4.96   5.07
 0.700  4467.   -0.81  4.64  0.662    0.000   7.34   6.63   6.07   5.23   4.65   4.55   4.50   4.49   4.59
 0.800  4958.   -0.50  4.57  0.767    0.000   6.26   5.72   5.27   4.61   4.15   4.09   4.05   4.04   4.12
 0.900  5420.   -0.19  4.46  0.921    0.063   5.32   4.88   4.51   3.98   3.62   3.57   3.54   3.54   3.59
 1.000  5772.    0.15  4.28  1.196    0.306   4.41   4.04   3.71   3.26   2.96   2.92   2.90   2.90   2.93



  t (Gyr) =  10.0000
 M/Ms  Teff     L/Ls   g    R/Rs   Li/Li0    Mv     Mr     Mi     Mj      Mh     Mk     Ml    Mll    Mm 
 0.070  1626.   -4.30  5.37  0.090    0.000  23.40  19.70  17.43  14.09  12.94  12.07  11.16  10.79  11.42
 0.072  1790.   -4.12  5.37  0.092    0.000  22.44  18.97  16.67  13.22  12.33  11.68  10.86  10.52  11.21
 0.075  2037.   -3.89  5.38  0.092    0.000  21.88  18.46  16.00  12.32  11.67  11.33  10.64  10.29  11.04
 0.080  2345.   -3.58  5.34  0.100    0.000  20.24  17.13  14.56  11.42  10.91  10.63  10.15   9.84  10.47
 0.090  2646.   -3.25  5.28  0.114    0.000  17.96  15.49  13.11  10.72  10.20   9.89   9.54   9.29   9.61
 0.100  2812.   -3.06  5.24  0.125    0.000  16.45  14.49  12.31  10.30   9.77   9.46   9.15   8.94   9.15
 0.200  3265.   -2.31  5.05  0.222    0.000  12.68  11.56   9.99   8.59   8.05   7.79   7.57   7.41   7.50
 0.300  3416.   -1.95  4.94  0.307    0.000  11.44  10.44   9.02   7.74   7.19   6.94   6.75   6.62   6.69
 0.400  3524.   -1.70  4.87  0.383    0.000  10.62   9.68   8.37   7.16   6.59   6.36   6.18   6.07   6.14
 0.500  3689.   -1.43  4.78  0.475    0.000   9.66   8.79   7.66   6.55   5.95   5.74   5.59   5.50   5.58
 0.600  4013.   -1.12  4.70  0.574    0.000   8.48   7.71   6.86   5.88   5.24   5.09   4.98   4.94   5.05
 0.700  4493.   -0.79  4.63  0.667    0.000   7.27   6.58   6.02   5.20   4.62   4.52   4.47   4.46   4.56
 0.800  5002.   -0.47  4.55  0.782    0.000   6.16   5.63   5.19   4.54   4.10   4.03   3.99   3.99   4.06
 0.900  5495.   -0.12  4.42  0.971    0.063   5.13   4.71   4.34   3.83   3.49   3.44   3.41   3.41   3.46
